1.000000000000000000e+00,5.299495477815918676e-01,3.496169645443353291e-01,5.744768259241209707e-01,2.843003872012302979e-01,1.450575395638459275e-01,1.123225764798358867e-01,2.573477593569691302e-01,3.533410417943841364e-02,-2.480964152402923006e-02,-2.610614652770931396e-02,4.106774060980470514e-02,-2.738307736295119560e-02,1.634844592705869725e-03,4.028472841537860186e-03,-2.003950131435360341e-02,2.436068819484506730e-03,-2.367510609927261922e-02,5.060692735532196229e-03,-1.242762283705697857e-02,-3.090571332503626659e-02,1.494237648827545159e-02,-2.698328323636607975e-02,-5.459981922496817686e-02,-1.439662399001343310e-02,-3.701166256012714678e-02,-1.567739274851396789e-02,-3.158781995940034698e-02,2.796034683723805196e-03,-1.824864794890000697e-02,-2.813588142670946785e-02,-2.627974701821891163e-02,-2.939311034178364312e-02,-2.598192793839868356e-02,-2.082021587634231077e-02,-3.272757300132059927e-02,-2.767334666235078330e-02,-1.305930650950048663e-02,-3.377833049765904729e-03,-3.165947370236618652e-02,-1.122144267003848811e-02,-1.797806961201905279e-02,-4.022835934867840385e-02,-2.097176509942338431e-03,-3.557128617323015302e-02,-1.137252429105756538e-02,8.258843213523336252e-03,-7.969350568762627318e-03,1.331909948503661074e-02,2.605954454011196256e-02,1.864993872783043613e-02,6.444960644332431432e-02,3.834875815469629412e-02,3.302502777559423314e-02,6.809095052084049304e-02,6.199152031711452349e-02,3.617021852619821398e-02,7.375314170022832794e-02,2.499611884264994754e-02,4.800077668455741270e-02,5.109576019537906671e-04,3.263281799832790098e-02,-9.667505599014317164e-03,1.827076185576644030e-02,1.610050994675113825e-02,7.102902654236503861e-03,4.546286823113735581e-02,6.318815944451636885e-03,-9.830673777833425983e-03,2.406434142336728518e-02,2.175734235443076842e-02,4.969600166680402352e-03,-7.529282142812441549e-04,1.284718345109143317e-02,2.662393525262512356e-02,3.448219682042805243e-03,4.547731777017614829e-02,1.242945895127241414e-02,-1.260567033863897388e-02,-5.167795695809947187e-03,-2.501824850953598620e-02,-1.825546493615863575e-02,2.328329027251123309e-03,4.697529050230923181e-02,-2.330199373693818410e-02,-3.985988458711455656e-02,-6.423208322342601959e-03,-3.237331206579551184e-03,-4.772692875181377276e-02,-2.142187663834799194e-02,-3.605823779681049945e-02,-4.838371180173652031e-02,-3.791479108569570378e-02,-2.257968110414100907e-02,-1.390169112542952515e-02,-3.113135381823374081e-03,-1.217861399567517211e-02,-2.196526315858255557e-02,1.591835207344519457e-02,-1.392509476875316253e-02
5.299495477815918676e-01,1.000000000000000000e+00,5.165549962326023703e-01,4.768836383643657584e-01,6.750629454515817418e-01,3.856561799843049032e-01,3.163014520413660602e-01,5.831420157258667691e-01,1.445146378657602426e-01,-1.573828114393189398e-02,-4.882118842384858270e-02,1.655497234626778502e-01,-8.685141137139393286e-02,-2.510986844652304123e-02,-6.279297357679841651e-02,-3.827009874835785030e-02,-2.410270793101749326e-02,-7.545083974030111773e-02,-3.896437773591994447e-02,-2.980936003535178749e-02,-5.210079916983714060e-02,-1.303305251514679831e-02,-7.591200125989840293e-03,-6.359667012764087801e-02,-3.604549305041526708e-02,-4.246237924509289191e-02,-2.131375242729233871e-02,-5.374056989813410373e-03,1.781272034087942602e-02,-2.555520825951294178e-02,-1.467024882988991405e-02,-3.456656247420940298e-02,-3.488534599911086165e-02,-1.375231561198694830e-02,-2.332500525108572101e-02,-3.820281248994776557e-02,-3.195795971041132111e-02,-2.172605390220814364e-02,-1.347750998786824937e-03,4.018748655403645356e-03,-1.020824539873702724e-02,-1.558974491952388672e-02,-1.021167375398916201e-02,1.027587116567848374e-02,-3.188519177531198151e-02,2.047552148158165650e-02,2.283187949504459843e-02,3.357465035982698607e-03,3.619109623059062197e-02,5.326626186875502850e-02,3.057365453811716066e-02,8.371897925612740987e-02,5.087269612106908034e-02,2.892221454852920287e-02,9.298666621679857469e-02,6.825287859120969525e-02,5.046466917886497511e-02,9.436908587207364085e-02,3.030260594706023561e-02,4.227319308639353179e-02,6.616243448544406646e-04,3.683371451856277956e-02,-9.543693681213544569e-03,1.390472652516756358e-03,3.394613122908431146e-03,-6.445972013790412722e-03,3.782675674723551262e-02,1.157137211970097473e-02,-4.190643330269312045e-02,2.026071856656225939e-02,3.931135987802537347e-04,2.366551216221041490e-02,-1.165836188833449701e-02,-2.406514989513907233e-03,2.821814296333914618e-02,-1.604785155938661181e-02,5.640019409401531014e-02,-5.941455926964754088e-03,-2.257520783693908392e-02,-3.839908212309866425e-02,-3.722938896162987510e-02,-1.258829734236143827e-03,-2.316594914744543598e-02,5.247306342562934461e-02,-5.143482244089906535e-02,-8.178526711886920098e-02,-4.426669808833929437e-02,-3.322815221669058600e-02,-8.781405435109304602e-02,-5.329098355719898844e-02,-7.507629456217726482e-02,-7.736252138711700865e-02,-8.548592501586389780e-02,-2.788906592204021609e-02,-2.273965294110135565e-02,-3.512116400133201422e-02,-4.161945026254576518e-02,-4.344404873494438213e-02,1.130437844191990206e-02,-2.193484753164152284e-02
3.496169645443353291e-01,5.165549962326023703e-01,1.000000000000000000e+00,5.107834286814132430e-01,3.371536004931979247e-01,1.368500872034538463e-01,2.073020732176588388e-01,3.172463112903572413e-01,4.056344109859330582e-02,-2.505533240121515098e-02,-1.995829169913737600e-02,7.578401300594524159e-02,-3.161413777903717554e-02,-1.521131410622631082e-02,-7.594285689799975918e-04,-1.730752980203266109e-02,-3.126117677894311997e-02,-1.533441575370303456e-03,-9.241437178917062505e-04,-1.524096763322407844e-02,-2.039755026974290897e-02,1.606829377615504734e-02,-4.140480499579820423e-02,-3.395415265836875668e-02,-2.456308618996993695e-02,-1.862405703517896680e-02,1.433044406561365461e-02,-5.080232650409978543e-04,4.661756093415876656e-02,9.710945306066181421e-03,1.582319353548371915e-02,-1.146998442047346412e-02,-6.232410854253011070e-03,3.205331404665501954e-02,8.961798176506186389e-03,-1.394604558667140483e-02,1.839277781919707727e-02,5.418480106607750230e-03,-6.862316661169152445e-04,6.478979204111263372e-05,-6.775438300878552055e-03,-6.154430662459008800e-02,-1.832035497552297887e-02,-1.502203829537376682e-02,-5.730303923691133783e-02,-7.888099851136117294e-03,-2.718407841865387586e-02,-3.536141894433542099e-02,-5.741530143134612567e-03,-7.076046656764893236e-03,-1.566928952178046203e-02,1.710948841952537880e-02,-3.698174115707707123e-03,-6.388784992991503042e-03,3.188763176358739432e-02,4.696150601884551377e-03,3.399688082348063800e-02,4.209892587702457334e-02,4.155149820228533873e-03,3.003286333643622255e-02,-5.303020864964832701e-03,2.194253368747465724e-02,-6.945729068572135262e-03,1.679273928763311621e-02,-7.731481588831970279e-03,-1.320594502254142204e-02,1.984748873478180825e-02,2.350950914232574716e-04,-1.943871764667572805e-02,7.601245907434227116e-03,-9.966393612652921924e-03,1.325235479763793231e-02,-3.384265496464081840e-02,1.629475232165602519e-03,1.584403743789522881e-02,-2.261616192477942933e-02,4.912788106797686544e-02,-6.972196718367660445e-03,-7.936090893192034035e-03,-3.760656391866922660e-02,-2.197634786153760886e-02,-2.651555722631956241e-02,3.548560953372131149e-02,3.757085546806353260e-02,-2.819138121973944339e-02,-1.057375132177493411e-02,-1.342085976970730857e-02,6.773452688056431394e-03,-2.077139285506648600e-02,-1.494394578908657227e-02,-8.493776948410662261e-03,-2.874333009554718571e-02,-4.335622075858555635e-02,5.006263887063255912e-04,-5.776354288380358692e-03,3.812626256629485233e-02,6.128005426037516634e-03,1.431145088666098061e-02,4.916651362830583294e-02,2.249304393463675417e-02
5.744768259241209707e-01,4.768836383643657584e-01,5.107834286814132430e-01,1.000000000000000000e+00,2.289137528710509240e-01,8.306020473754284483e-02,3.466459054889701324e-02,2.635866867506060363e-01,-2.742841972308344284e-02,-4.236787848002525336e-02,-3.708349909313627540e-02,-2.025230402651042975e-03,-2.016789842651551742e-02,1.948304054416176738e-03,3.092307694507764534e-02,-7.186348092796055083e-03,-2.654073083581325737e-03,1.020092650916828818e-02,3.390567424291236059e-02,-5.903489320999022114e-03,-9.376873139656778308e-03,3.877597298254229635e-02,-3.489601689591090988e-02,-4.627200818575565033e-02,-3.369286487748370668e-02,-4.481430555373927538e-02,-7.226284927756526470e-03,-4.028202821671111877e-02,9.530575216163324551e-03,-1.091962468205096189e-02,-2.207618256609292229e-02,-3.040845937562834667e-02,-2.915628541482927910e-02,-1.196117326438667951e-02,-3.078531578844196162e-02,-3.639493141559161510e-02,-2.967345410298953545e-02,-2.139466532554350903e-02,-1.462920403544129555e-02,-3.133954309328246951e-02,-1.628532045865012032e-02,-4.168721198621220397e-02,-4.613411599358990117e-02,-2.312041451650827337e-03,-3.220099129678979932e-02,-1.547325767293766460e-02,1.715379865465440842e-02,-2.298192293434136654e-02,1.134060053996513787e-02,3.396820496439779263e-02,-1.007543090876045905e-03,5.672126504584077550e-02,3.758951737531014692e-02,2.279346105685573637e-02,6.774632932785080996e-02,5.374817565872946207e-02,4.312124904863691432e-02,6.961556580795895399e-02,1.468138945467705944e-02,5.339122311540090565e-02,1.475408914981916897e-02,4.727632098528852106e-02,-7.673912204346464844e-03,2.331027250618385518e-02,1.692050306764300918e-02,1.053964000553665563e-02,6.287544048820584153e-02,-5.814984929407484605e-03,6.043567213950757841e-03,2.749473708923244955e-02,1.950054509124997393e-02,6.779582563885890381e-03,-6.998442610535771796e-03,1.036867679121892920e-02,2.257713504636331414e-02,-9.329611352889578477e-03,4.606952783269983170e-02,1.034847423503494623e-02,-1.723946100970241702e-02,-1.884221202138690668e-02,-3.272047429983749450e-02,-4.443720408733600746e-02,-8.385522517627504516e-03,5.632977772573413699e-02,-3.731227426829795968e-02,-3.013128175221536573e-02,6.977052341103195249e-03,3.426654299763633865e-02,-3.698396281172646599e-02,-7.910144390764903971e-03,-1.256849291795218357e-02,-3.529066959510390039e-02,-2.938018253322925363e-02,-7.125806660342513463e-03,1.553516563363640385e-02,3.365364104622215607e-02,4.786402914754196367e-03,4.721416201904340450e-03,3.378034891501792425e-02,-1.858695327451490020e-02
2.843003872012302979e-01,6.750629454515817418e-01,3.371536004931979247e-01,2.289137528710509240e-01,1.000000000000000000e+00,5.962531036215313884e-01,6.350490100214459810e-01,7.295991007650333149e-01,3.538862515496868366e-01,5.440831241408078389e-02,3.612124669260105558e-02,3.418101675739894096e-01,-8.026669384331028279e-02,-3.300010296431076223e-03,-8.330460569879095944e-02,2.282037335169979225e-03,-1.235405235140163253e-02,-6.273088185874610423e-02,-1.934103702285602452e-02,1.290044510736905459e-02,-2.703953216519109845e-02,-6.979442511592100912e-03,3.096487662685735998e-02,-4.689202309092527221e-02,-3.411975304972839074e-02,-2.957071164266734595e-02,-2.497857597317724304e-02,-3.038989406504805264e-03,6.801963220516774392e-03,-3.781557689579385928e-02,-3.397520333862070335e-02,-7.412064248647545761e-02,-5.563618365529051507e-02,-2.545047023649797679e-02,-5.784482653399427438e-02,-6.069444726729487233e-02,-5.064293056358710327e-02,-7.156461241713170385e-02,-4.638816875746647889e-02,-8.196678207288730228e-03,-3.832494981583646487e-02,-4.618112236330194215e-02,-4.306565853480110416e-03,-3.353408128059160928e-03,-3.744356996455732584e-02,8.589750433320041470e-03,1.543721983176709646e-02,9.151944279606339511e-05,3.828128055368157368e-02,4.348018423107382485e-02,2.505800420194813014e-02,7.258641911127948487e-02,5.164699155764448241e-02,3.516633970939606058e-02,9.893792930301473221e-02,8.294903411747397981e-02,5.157805867012746348e-02,1.065726661796801977e-01,4.640856350030938410e-02,3.166927788932055038e-02,-6.907853119915850402e-05,6.676221900232680480e-03,9.850004869596478904e-03,3.787084711207562918e-03,3.177765734932523189e-03,-6.007397916505888828e-05,1.803764047400368414e-02,2.748478902726773573e-02,-1.586271503916533362e-02,4.136356763604537301e-02,1.726730482681184189e-02,4.090833408836670737e-02,6.650038562838308555e-03,1.578954095658050005e-02,2.630309087973744381e-02,6.682879485794607742e-03,6.034592948307575255e-02,6.704054676571968244e-04,-7.835884216144445649e-03,-3.525013035637571818e-02,-2.221563561407120108e-02,1.401641615832195133e-02,-3.171871197107924145e-02,7.241406504269144728e-02,-2.802064319025100378e-02,-1.011060884769189455e-01,-7.391892338479866265e-02,-4.104417803092726136e-02,-9.456101212100610776e-02,-6.153273740446568024e-02,-7.317744135941216255e-02,-9.349163440808652692e-02,-9.580891471719121810e-02,-4.114125500417452341e-02,-3.768758945777883618e-02,-2.519177177765127493e-02,-6.983791295510027516e-03,-3.853814585965827794e-02,2.504130121389548658e-02,-1.728765020854765647e-02
1.450575395638459275e-01,3.856561799843049032e-01,1.368500872034538463e-01,8.306020473754284483e-02,5.962531036215313884e-01,1.000000000000000000e+00,5.340424468195236196e-01,4.719859662994836946e-01,6.974879426699702734e-01,3.799574626274572764e-01,2.180816664652804326e-01,5.616104153891421369e-01,1.343091540569618381e-01,1.002332289825864503e-01,-6.822457757433092462e-03,1.470094793495142493e-01,6.103839989953878387e-02,6.653233108503813290e-03,-2.425495021614975516e-02,4.980121940973118722e-02,1.953358404242462945e-03,-3.048661747698387312e-02,5.702094385843040764e-02,-6.789466883305519951e-02,-3.936626688156092541e-02,-4.791931764927614967e-02,-5.157453129669949815e-02,-6.309236362621120815e-03,-2.758069075887439534e-02,-6.194224838451647258e-02,-4.130665347003777133e-02,-1.056532630739477063e-01,-8.132101781221638681e-02,-2.964725240129920808e-02,-1.015206747901089140e-01,-7.632070053716839830e-02,-4.483900611945662584e-02,-9.614360532635514434e-02,-6.044208172009466612e-02,-1.496483183697160275e-02,-6.340674024358915195e-02,-5.275484289189813492e-02,2.073731704332554184e-03,1.287972712795962607e-02,-7.216711447513901589e-02,1.943668640460394573e-02,-1.580824055603475067e-02,-2.960731488246197071e-02,3.743026124028380613e-02,-1.082943720484560307e-02,1.710725844501294682e-02,5.634177051436648626e-02,-8.956661836662553134e-04,2.600923363049056566e-02,5.770945717537973724e-02,3.568193138158488875e-02,8.754059237572778089e-04,6.565493821736798075e-02,2.315746514759711369e-02,-1.211782370067862602e-02,-2.716935706328017786e-02,-1.305480900266675626e-02,-3.601858161199704075e-03,1.226125501076940315e-02,-8.915303646334310148e-03,8.481880099853495933e-03,-1.655136724695262587e-02,3.100845873371586500e-03,-1.251972213954602280e-02,1.313419739451838868e-02,1.441521176895615292e-02,3.142054058350492868e-02,2.089236026099430474e-02,3.681520345869222083e-02,3.424336338727849982e-02,4.959732644471551155e-02,7.278233709035775156e-02,2.361459795379575524e-02,2.670687305752885571e-02,1.142487824884102013e-02,1.550466705829650974e-02,3.638944491742756443e-02,2.570776740586210290e-03,6.383706564400981609e-02,2.797707376516591488e-02,-3.483608563885649823e-02,-2.608751999068312580e-02,-5.697627993401709230e-03,-4.246468260417036317e-02,-3.083029797049611012e-02,-6.741073710171109623e-02,-5.652795633379074924e-02,-8.473361362412608344e-02,-2.423405782704135189e-02,-5.554548419507070178e-02,-5.266851204956697619e-02,-2.560459947964649485e-02,-5.631273969647457300e-02,7.579582976131752324e-03,-2.289928473584783991e-02
1.123225764798358867e-01,3.163014520413660602e-01,2.073020732176588388e-01,3.466459054889701324e-02,6.350490100214459810e-01,5.340424468195236196e-01,1.000000000000000000e+00,4.750157353487247103e-01,5.433624302810871054e-01,5.393347582101575693e-02,1.980534705482858426e-01,4.566660368420358274e-01,-8.315136859594116081e-02,-3.441340341082839427e-02,-1.123072916919689856e-01,1.587946377123328895e-02,-5.490268202415977267e-02,-6.373012128635163753e-02,-2.771664462820414704e-02,2.054330357508308072e-02,-7.033696441463151931e-04,-2.027964399267532039e-02,3.767031798372379170e-02,-3.162453220031868906e-02,-4.011882472049117798e-02,-2.892869489906488636e-02,-3.344420831966905816e-02,-2.223304406958953941e-02,-7.311948620931112489e-03,-5.088231180432029738e-02,-2.955219504812121867e-02,-8.518184537582922100e-02,-7.564460987454896257e-02,-1.101309357994830970e-02,-5.535499550599314728e-02,-7.827220323482385334e-02,-1.244985174818365355e-02,-7.754457769850732485e-02,-7.140532775829050438e-02,-2.186978264497920280e-02,-4.679307839423078180e-02,-5.357778448141081035e-02,-2.458965285348670062e-03,2.135862485822342515e-03,-4.738522490497980993e-02,-6.226951439955055560e-03,-2.554078792144880844e-02,-1.639902140749485357e-02,1.557854522838301829e-02,-1.236337041108333083e-02,6.360452953348450476e-03,4.323531262992701824e-02,7.818546056794167896e-06,4.116197968665225027e-02,5.929451873969577430e-02,2.981529172941642034e-02,5.169906221029502841e-02,7.206730456054606659e-02,1.229037839164549839e-02,4.619319489746689933e-02,2.096690287813229164e-02,9.315716903955179734e-03,5.400273952552616524e-02,1.865343992913827062e-02,3.396541018481394336e-02,2.163658466934263030e-02,7.105896610199996001e-03,5.748787679735262862e-02,1.054348589983356010e-02,4.141892007562850836e-02,1.173445605794821815e-02,1.225165852332678156e-02,1.575632103231438402e-02,1.609629712836138302e-02,1.121375054064913807e-02,8.327234906485082508e-03,3.951620491402667995e-02,-3.222871885267120790e-02,-4.190818801557864154e-02,-4.240980964069056974e-02,-3.385692937308414779e-02,-6.783938360798631197e-03,-1.326303697012081242e-02,5.847162229120676791e-02,-4.725248238079220869e-03,-4.917983063855654868e-02,-8.600969180243564494e-02,-2.280220033809408561e-02,-3.515287564739175835e-02,-5.250982530948331700e-02,-5.650632365155040110e-02,-5.798356248317542566e-02,-6.923096926723650013e-02,-3.860611302593124072e-02,-7.629370594650478066e-02,1.145460808983614354e-02,2.341130442406164774e-02,2.653404299961619958e-02,4.985358843085189312e-02,3.315832780760991083e-02
2.573477593569691302e-01,5.831420157258667691e-01,3.172463112903572413e-01,2.635866867506060363e-01,7.295991007650333149e-01,4.719859662994836946e-01,4.750157353487247103e-01,1.000000000000000000e+00,1.912099809815838436e-01,-6.481787680762432502e-02,-1.523380009621881914e-01,2.293685066718884336e-01,-1.883952067108968231e-01,-2.284799068859962728e-02,-1.128977594092093056e-01,-6.420078062608568226e-02,-5.451677339509105116e-03,-1.104477725050302811e-01,-4.772131800322883255e-02,-1.138279544097861931e-02,-5.597692069042314866e-02,-1.238075418901795482e-02,1.337283747347358005e-02,-5.830215378831021117e-02,-2.900673232851855993e-02,-3.746691553496747651e-02,-4.724010121919924171e-02,5.178977177798099567e-03,7.251166649938804026e-03,-5.227950565559741358e-02,-6.162918715178983611e-03,-4.934603389229898218e-02,-4.792493830276977479e-02,-2.919646390444240007e-03,-3.997202889329840025e-02,-4.671195778832885198e-02,-3.802362811485561489e-02,-3.702603977365973714e-02,-2.268591612003504135e-02,7.249107449857141415e-03,-1.077489472689376060e-02,-4.082012215791512577e-02,-4.573244204677079719e-03,5.958034685637537270e-03,-2.039961650191986914e-02,1.522268296160127210e-02,3.369658429813827960e-02,2.114655355486045121e-02,3.402419975658002582e-02,6.295267768766513172e-02,3.934338098464481431e-02,8.642010569683822307e-02,7.437114708179164146e-02,4.893389855090982121e-02,9.270454757103341326e-02,8.144356530307562958e-02,5.219734039217996391e-02,9.889585796652551608e-02,5.024108818776452934e-02,1.039476970180492829e-02,-3.431013138916516429e-03,-8.644038549579506625e-03,-2.251606098254931021e-02,-6.131767155393940544e-03,1.607516707763978524e-03,-2.672138793624595846e-02,2.068110394338584096e-02,7.159340989220322991e-03,-3.837802080274282240e-02,3.816036037929695923e-02,2.954743346304034707e-02,3.805611864896225882e-02,2.103624442217528773e-03,2.414773310005279353e-02,1.988603449710085042e-02,-6.968922620904805659e-03,5.068644016083825865e-02,-2.311513464631326578e-02,-2.377653161864663571e-03,-3.397390548221862483e-02,-2.361297635455056332e-02,1.094448754544841487e-02,-4.390265933038492441e-02,4.898465233378699463e-02,-2.228789901726324282e-02,-1.152088414201766498e-01,-7.439882934955668881e-02,-5.751272420605182262e-02,-9.500785779336269610e-02,-4.587145013204330102e-02,-8.364040000240295647e-02,-8.939894838639042551e-02,-8.514021986223797855e-02,-2.971484323721158144e-02,-2.157673775428049431e-02,-5.461079637441648010e-02,-3.616970876476133245e-02,-8.061760889105563932e-02,1.464137517775199702e-02,-3.606085926308737893e-02
3.533410417943841364e-02,1.445146378657602426e-01,4.056344109859330582e-02,-2.742841972308344284e-02,3.538862515496868366e-01,6.974879426699702734e-01,5.433624302810871054e-01,1.912099809815838436e-01,1.000000000000000000e+00,5.703215402293725367e-01,5.001348888139721671e-01,7.557836399633824920e-01,2.830748957886564665e-01,1.403492909573433312e-01,3.330305176475016615e-02,2.622220587881193277e-01,5.885349556098920520e-02,5.949950672154510206e-02,1.192047274886103535e-02,1.011961821438984582e-01,6.634309146054270800e-02,-2.147939182278451112e-02,1.175506366329766017e-01,-8.452872364314356624e-03,1.330091992835694473e-02,1.385857936451049925e-02,-4.651570316670156080e-03,1.442443826255529297e-02,1.608399801104827163e-03,-2.268779604978354847e-02,-1.248989737768164618e-02,-8.879922564871216284e-02,-5.343714729013637754e-02,7.229498838487998652e-03,-7.896345043926430995e-02,-4.732012584592558413e-02,1.775842585784927555e-02,-1.017334082513760563e-01,-4.977506648647488097e-02,9.253977090016119594e-03,-5.606122918532196325e-02,-4.092520297837277249e-02,2.664973050750428160e-02,1.627050987923718897e-02,-6.409661005638202236e-02,3.102061814078189289e-02,-3.625662403362464592e-02,-2.883009342829507063e-02,3.239337612141479639e-02,-2.350424368450766688e-02,1.654211664737075330e-02,3.025372755317129111e-02,-1.931455276103363414e-02,2.440987249325969610e-02,1.688921471676585462e-02,4.923927288748804199e-03,-1.106325817642024069e-02,2.398893490904797227e-02,-1.198370531220492065e-02,-2.105327009572482630e-02,-1.554916088684763463e-02,-1.294870834713204334e-02,1.476184694759206592e-02,2.702325580708795152e-02,-1.135439225429368815e-02,5.019009612787836416e-02,-4.648831718838145749e-02,2.143015690460546227e-02,2.659240132149287214e-02,-3.606086468780824155e-03,-2.482510972107056582e-02,1.542783213245387322e-02,1.571776528079632182e-02,9.534807589938304115e-03,3.348121416971093500e-02,4.256845276874362399e-02,5.969535824751440178e-02,2.071707145962541421e-02,-9.414605806130792913e-04,2.301139251100531649e-02,4.294730021848064232e-03,3.771000928741196495e-02,3.206461314187475375e-02,6.877669896554639006e-02,4.123039064865317155e-02,1.237720671156170016e-03,-2.229503023871619999e-02,2.762286571236141977e-02,-3.159798545846453661e-03,-3.374954895539636346e-02,-3.461707079710223817e-02,-1.987513223874657828e-02,-7.157016271317569178e-02,-1.865478266292864120e-03,-5.555911870481381604e-02,-6.540497358443963898e-03,6.312281764937408002e-03,-4.894591595996086036e-03,-9.955267543902088581e-03,1.109620975715544348e-02
-2.480964152402923006e-02,-1.573828114393189398e-02,-2.505533240121515098e-02,-4.236787848002525336e-02,5.440831241408078389e-02,3.799574626274572764e-01,5.393347582101575693e-02,-6.481787680762432502e-02,5.703215402293725367e-01,1.000000000000000000e+00,4.930042507314761346e-01,4.720782180994256838e-01,7.540619837290118976e-01,4.591030541647532770e-01,3.770630604595150981e-01,5.164815810757720227e-01,2.571659761503603536e-01,2.940436720993090391e-01,2.070664438999780532e-01,2.568578072093854470e-01,2.250808441972438623e-01,1.182140462588458785e-01,2.319051040076714476e-01,1.472884830050520677e-01,1.057909482699552067e-01,1.569832310643174411e-01,1.010224053888340023e-01,9.577043461187705053e-02,9.674455164263784379e-02,5.397229480179825678e-02,6.761708910785521609e-02,1.181810206303116062e-02,2.824575679734334099e-02,5.262033101828100107e-02,-1.215656445826309578e-02,2.521691706160308910e-02,4.984840942956984822e-02,-2.092399647383201208e-02,3.590128491938712144e-03,4.949095082222586088e-03,-1.703688714034086449e-02,-1.979299853234537526e-02,1.958539636110755242e-03,-1.563808479658542958e-02,-2.933281780376488165e-02,1.840790110934268156e-02,-8.932166047473110576e-03,-2.476264163534160762e-02,-3.086988441085499434e-03,-6.564537682964086823e-03,-2.093781847619374456e-02,-4.274402050124134940e-03,-2.783322498819702090e-02,-4.239475472188104777e-02,-2.948142727570555316e-02,-3.119229698173107621e-02,-9.846981442043230282e-02,-4.000442374684307772e-02,-3.922208724419042059e-02,-8.075578650281929616e-02,-1.004214431843589161e-01,-5.614802174704776327e-02,-5.669836093300901353e-02,-1.690125294722956417e-02,-7.439986844512160025e-02,3.433108873804820421e-03,-7.218436428402355554e-02,-3.560202815702473433e-02,7.103053356941078922e-03,-2.791443756548839597e-02,-6.124590999665816687e-02,4.195196582536526997e-02,-5.224549435414791235e-03,-1.778670360620423704e-02,6.093418052684732196e-03,1.571457918854534189e-02,1.296658371314971317e-02,4.527846289914066145e-03,-1.553310269118463385e-02,4.412167358855847293e-02,-2.340869550870531071e-02,2.814758187080879104e-02,4.396139076846285881e-02,8.595839221156595378e-02,8.559417821900691670e-02,9.268153218966948548e-02,1.295166985224676937e-01,1.029184284514318981e-01,9.457295859835856966e-02,5.091460551898784742e-02,5.623835160801025218e-02,8.721757353832433612e-02,1.346817438736854465e-02,5.941268047681731723e-02,-2.996818003924099638e-02,-3.183834204089235499e-03,-2.511279423745650663e-02,-1.527035706862974428e-02,-1.697877638148605206e-02,2.123071649776855918e-02
-2.610614652770931396e-02,-4.882118842384858270e-02,-1.995829169913737600e-02,-3.708349909313627540e-02,3.612124669260105558e-02,2.180816664652804326e-01,1.980534705482858426e-01,-1.523380009621881914e-01,5.001348888139721671e-01,4.930042507314761346e-01,1.000000000000000000e+00,5.019821476838575158e-01,5.228084192982901390e-01,7.337965084229364221e-02,1.820225223718443530e-01,3.014339291233775198e-01,-2.465093332769176943e-02,2.096991160646455021e-01,7.270439125719904694e-02,1.321680335154102048e-01,1.243427434076294913e-01,1.232748298267785127e-02,1.474132440575725012e-01,9.943125595982744980e-02,6.470562597971570018e-02,8.937645173507818841e-02,8.552858384671965797e-02,2.658025341892143387e-02,1.721656504887433825e-02,5.715518731971510474e-02,1.459641433184942147e-02,-5.467718765743073001e-02,1.862963915839176490e-02,3.929833391050084612e-02,-3.560436320823702483e-02,3.766579371813309762e-02,4.347581795836272245e-02,-5.376559900544078396e-02,4.242408496563850398e-03,7.596874294049101679e-04,-4.241124573081421489e-02,-1.229482983623483329e-02,-1.089252594103363265e-03,-3.348571367409256677e-02,-3.914517724548870203e-02,-1.401648330214947530e-02,-9.165298812685430951e-02,-5.313755735029416366e-02,-1.672659946131259401e-02,-8.336197412979488852e-02,-1.309733715150131379e-02,-6.875282701737954125e-03,-7.837704666250255858e-02,-1.201396134679216278e-02,-3.900259054083640708e-02,-4.836369235018865564e-02,-3.168947932161669118e-02,-5.312814532293103770e-02,-4.644233620530580087e-02,-1.077963511463067743e-02,-4.401645054795841339e-02,-3.135841375926717162e-02,-1.837745285860086690e-03,-7.939977799883748619e-03,-4.425906084626565762e-02,4.289120033006049021e-02,-6.722078163111279425e-02,-1.015236111331629248e-02,7.405778466844424590e-02,-6.543236597450724501e-02,-9.539183346677661268e-02,-3.426944332067417831e-02,-3.916973184706172562e-02,-3.282667492255358227e-02,8.331574460032173824e-04,2.681681762628928406e-02,4.344613658215263317e-03,8.470169861877461376e-03,-1.920233558690904660e-02,6.096350839047904452e-02,-5.224327618266486582e-03,1.615514616601954404e-02,4.302968969770200325e-02,7.896048412365862246e-02,7.785898718927082574e-02,3.779206852872158545e-02,5.626915052178899090e-02,4.957098289629488508e-02,2.288163971589544585e-02,-1.584399405953503329e-02,4.037937081782602688e-02,3.390238816388178172e-02,-2.254436420761892629e-02,4.979553705594071122e-02,3.863503869596644769e-02,6.809013152918422240e-02,2.763325537117195321e-02,7.429379337095061431e-02,1.304291292679095153e-02,8.840623889419595843e-03
4.106774060980470514e-02,1.655497234626778502e-01,7.578401300594524159e-02,-2.025230402651042975e-03,3.418101675739894096e-01,5.616104153891421369e-01,4.566660368420358274e-01,2.293685066718884336e-01,7.557836399633824920e-01,4.720782180994256838e-01,5.019821476838575158e-01,1.000000000000000000e+00,1.940412406995504491e-01,1.045658275573962265e-01,-2.280540410274481400e-02,2.109913206392342033e-01,1.225299000454015824e-02,4.177444682322651454e-02,-9.202069376991563188e-03,8.160218116561451795e-02,6.137183190062337618e-02,-4.120093593894305628e-02,1.142686249972359042e-01,-5.395544795990811840e-03,5.644602249490637651e-03,8.248250757113707171e-03,-1.110084164344035326e-02,-2.466677584859808606e-03,-2.351710065462511712e-02,-2.945903245203927712e-02,-3.287338626497622596e-02,-1.189534792130661767e-01,-6.631541087215893360e-02,-1.451049760657223235e-02,-1.074445730880895095e-01,-5.173545262531197703e-02,1.144436464757590029e-03,-1.100511430979115024e-01,-5.908263590159445328e-02,-4.379501493540256460e-03,-7.529937045824067199e-02,-4.763651453504273714e-02,6.401708523236431490e-03,-7.651757078225122910e-03,-5.876688643276914426e-02,1.452272496691587277e-02,-4.745665846378016584e-02,-2.192907279381694011e-02,1.646088264373154336e-02,-3.065845453305297494e-02,1.832729094199803122e-02,2.304794131327197321e-02,-1.748881536643241350e-02,3.200713657853695993e-02,1.765371257065265209e-02,-7.614674419596354285e-03,1.692325506184336583e-03,7.515507629892699895e-03,-2.603398541422367873e-02,-1.296952833261782664e-02,-2.982993212872436448e-02,-4.016650176020864632e-03,1.562756530796347715e-02,2.680822358524058424e-02,5.686914665554754916e-03,6.743068941779827019e-02,-1.489762990946551062e-02,3.901181163727078516e-02,4.413237807987124839e-02,7.783894141719372751e-03,-1.806674859290600260e-02,4.633210700429848256e-03,1.440936893503499266e-02,1.272403739593525041e-02,3.613931078320514745e-02,3.585000199032289947e-02,5.655632949541657128e-02,1.778502109885436028e-02,8.141516088775144905e-03,1.571921630040598594e-02,1.506355264370689943e-02,4.476409932169932854e-02,2.868864106540509190e-02,5.640397333356327036e-02,1.965433961740398194e-02,-1.844870787451028185e-02,-2.661229206560022237e-02,2.021117762958911379e-02,-1.818283567746878035e-02,-2.661214668648867812e-02,-3.629158363442187840e-02,-2.324913396950146691e-02,-1.050651379682266962e-01,7.830364171444698096e-03,-3.288199132362541743e-02,1.164393663931176034e-02,5.358830293957313542e-03,2.833694564253999744e-03,5.136890079857935228e-03,1.879655229650171967e-03
-2.738307736295119560e-02,-8.685141137139393286e-02,-3.161413777903717554e-02,-2.016789842651551742e-02,-8.026669384331028279e-02,1.343091540569618381e-01,-8.315136859594116081e-02,-1.883952067108968231e-01,2.830748957886564665e-01,7.540619837290118976e-01,5.228084192982901390e-01,1.940412406995504491e-01,1.000000000000000000e+00,5.184031052524119554e-01,5.837053589963905331e-01,5.825947455240595430e-01,3.030114649108781588e-01,4.189311710844866310e-01,2.774724724244872487e-01,2.977696979053747750e-01,2.787001868507096858e-01,1.563219438144810014e-01,2.593106605733725423e-01,1.990581110394161468e-01,1.343968015973108499e-01,2.010114764246906383e-01,1.422842080682832910e-01,1.021218890002984492e-01,1.212530875926765422e-01,8.684658512348394921e-02,9.951107422511364098e-02,4.789377462162519583e-02,6.073073011142144512e-02,7.702848864738587320e-02,2.975853287728242799e-02,5.167410822161997569e-02,6.499175501973124269e-02,1.355604532478746002e-02,3.568812585985688818e-02,1.236359122790570272e-03,5.705273067420877330e-03,-1.521555655746308078e-02,-1.300128662672294863e-02,-4.880204772374970718e-02,-3.769499487294045853e-02,-8.940568078139386754e-03,-5.215378492479706696e-02,-6.015297192980057633e-02,-3.499104674309352903e-02,-5.286941686859822354e-02,-5.128029755668093298e-02,-2.930808339688969338e-02,-5.052656006884668344e-02,-5.777172621390332802e-02,-5.059944192972205129e-02,-2.805036935403584439e-02,-9.708928813490998178e-02,-4.914268150414019543e-02,-2.429608003700262780e-02,-6.223307494788563043e-02,-9.511733076996291281e-02,-5.532183815526644372e-02,-6.576303010243697567e-02,-1.520446585999578673e-02,-8.977877873932610386e-02,-2.026735338268158618e-02,-6.860525771291639541e-02,-5.216546257245339296e-02,1.130493181579852492e-02,-4.118443143512967586e-02,-8.330811718342127914e-02,2.053148380693644789e-02,-2.633756784536167919e-02,-2.992490333761651730e-02,-1.417749137612612717e-02,1.470428941736242126e-02,-2.456211106926976806e-02,-1.153825820456678801e-02,-3.838438499466464288e-02,5.070435843302805584e-02,-4.946692852783842603e-02,8.901674719801695723e-03,6.023638629185310706e-02,1.033595942166829346e-01,1.025549900470349995e-01,1.127706504364248824e-01,1.568335865606102220e-01,9.611152615752557860e-02,1.100135073351694581e-01,6.935415119751477120e-02,8.003039947364336271e-02,1.171459304612787050e-01,4.192059058193224608e-02,7.587097339869326718e-02,-3.927452914212354804e-03,2.477218947465342075e-02,-1.544666567349392214e-02,2.655016571124513974e-02,4.103344101454469914e-03,2.345109658612451811e-02
1.634844592705869725e-03,-2.510986844652304123e-02,-1.521131410622631082e-02,1.948304054416176738e-03,-3.300010296431076223e-03,1.002332289825864503e-01,-3.441340341082839427e-02,-2.284799068859962728e-02,1.403492909573433312e-01,4.591030541647532770e-01,7.337965084229364221e-02,1.045658275573962265e-01,5.184031052524119554e-01,1.000000000000000000e+00,5.679394836448737882e-01,6.184654502628581518e-01,7.176594742283440853e-01,3.538435991926994206e-01,2.962653917786037816e-01,3.491960267524291117e-01,2.617888303361689539e-01,2.011373108404825860e-01,2.997150465627990146e-01,2.315171122297582651e-01,1.491518552409707710e-01,2.284575897706754843e-01,1.441148563977851238e-01,1.326099861287461656e-01,1.823295851866241768e-01,7.720607038447686865e-02,1.217622724962399428e-01,6.197903131205997895e-02,4.745980225551167664e-02,9.244955880907572421e-02,3.806870405650838313e-02,3.790917805607101759e-02,6.218006463257847588e-02,4.056552320601239381e-02,2.393587144622264309e-02,4.798607006907165684e-03,3.659090365130924366e-02,-9.491886318236534073e-03,1.056732229361909137e-03,-1.740878735868896243e-02,9.012026301740453174e-03,9.167601627344604265e-04,2.277655849889628076e-02,3.613130590544195997e-02,-6.245560130538153031e-03,3.700336847517152195e-02,2.397912714657203168e-02,9.761503834223542175e-03,4.326247256337897168e-02,1.256570646711567193e-02,-9.875949818480460676e-03,2.098418908675238337e-02,-6.307674777188575221e-02,-1.196376600695796353e-03,-1.421493199863394473e-02,-3.993129793604029143e-02,-5.959143119120509369e-02,-3.180364849116910919e-02,-5.028905710348732794e-02,3.455003790326712648e-02,-4.907809009183290022e-02,1.917962507731224737e-03,-1.999025836282243302e-03,-1.294968215596645732e-02,7.311708056303213923e-03,3.019364776650967225e-02,-8.388717432621317638e-03,6.672560880681596696e-02,2.178075980521329211e-02,1.841547224795104035e-02,9.247746586160900464e-03,9.711647341169239028e-03,-8.127387559539541242e-03,-4.703358829456845587e-03,-2.874457533731406000e-02,3.817378783406814163e-02,-4.009255427834065855e-02,-2.353020956261299076e-02,5.388811399060072088e-02,1.337210495832168167e-01,4.785679959660654736e-02,7.922219998191265544e-02,9.590231048736416741e-02,1.362429202655871252e-01,6.040570050010909964e-02,5.566883157955391376e-02,1.398499700686627739e-02,7.621658541012645005e-02,-6.965161238988932038e-03,6.216841984960688738e-02,-5.541588742921465388e-02,1.017953954708657530e-02,1.736138887741302261e-02,4.225779772134060502e-03,9.665135123711768306e-03,3.011816608703791684e-02
4.028472841537860186e-03,-6.279297357679841651e-02,-7.594285689799975918e-04,3.092307694507764534e-02,-8.330460569879095944e-02,-6.822457757433092462e-03,-1.123072916919689856e-01,-1.128977594092093056e-01,3.330305176475016615e-02,3.770630604595150981e-01,1.820225223718443530e-01,-2.280540410274481400e-02,5.837053589963905331e-01,5.679394836448737882e-01,1.000000000000000000e+00,5.231890060301019885e-01,5.064124193418152453e-01,6.358997531591426000e-01,3.976117630243352075e-01,3.772603563411913163e-01,3.797568645478374694e-01,2.317960402578453372e-01,3.274277544645849969e-01,2.409930213590579517e-01,1.412220026321490407e-01,2.639062460109844466e-01,1.699498883778873815e-01,9.774398098210339281e-02,1.720965325038807114e-01,1.161080445735198641e-01,9.393362620278961073e-02,6.555128026946882569e-02,7.641779180053191733e-02,5.657289564669682608e-02,4.387999752471844622e-02,4.842294760670207837e-02,5.001774571899390842e-02,1.398904216740726181e-02,-3.081547324306023895e-03,-5.865320804061299742e-02,2.303270141784855354e-02,-5.756595529123802873e-02,-7.229249710027953191e-02,-6.012208049492399897e-02,-7.696418707170171736e-02,-5.787982098693883470e-02,-4.373456364240232985e-02,-5.722201384032234162e-02,-5.282006351213704154e-02,-4.851215414354814737e-02,-4.148548978495023715e-02,-2.930019768959078383e-02,-3.802056653265070696e-02,-3.249239045342604965e-02,-4.505198277938562285e-02,-7.220385080514679296e-03,-7.259608435087942790e-02,-2.579431511684382103e-02,-6.631810639215966752e-03,-3.732918507813989123e-02,-1.033757880401045548e-01,-2.288522553661399145e-02,-9.592361762019906146e-02,-1.020696044005437418e-02,-6.439180806503103094e-02,-5.407924476146921261e-02,-4.161467193269761250e-02,-6.028853458338925830e-02,-2.821717890711625612e-02,-1.391297625276769444e-02,-4.347661928275049076e-02,3.190507283687793461e-02,-2.475172655086759627e-02,-5.253495797035245482e-03,-3.466639359768804163e-02,-2.212635705506193519e-03,-5.053098265569334890e-02,-2.562997762016457765e-02,-4.880536211951950337e-02,-5.966520526636501232e-03,-7.345985290396953027e-02,-1.798898574860970101e-02,6.144277293110012896e-03,7.595883658367490188e-02,5.316915111703667679e-02,1.192592084853785900e-01,1.318744768301421122e-01,1.281138977172060489e-01,1.030102521216414435e-01,1.152660508520880200e-01,9.722079749529019543e-02,1.383443302214686366e-01,4.221425387296516563e-02,8.696013535963251218e-02,-9.160120316879549404e-03,3.740859371489838742e-02,-1.730970336212485361e-02,5.344212197587432794e-02,1.694646096046377101e-02,4.215824591504693797e-02
-2.003950131435360341e-02,-3.827009874835785030e-02,-1.730752980203266109e-02,-7.186348092796055083e-03,2.282037335169979225e-03,1.470094793495142493e-01,1.587946377123328895e-02,-6.420078062608568226e-02,2.622220587881193277e-01,5.164815810757720227e-01,3.014339291233775198e-01,2.109913206392342033e-01,5.825947455240595430e-01,6.184654502628581518e-01,5.231890060301019885e-01,1.000000000000000000e+00,4.563561116360316250e-01,4.354539299596422164e-01,3.461269725363388949e-01,3.112615783876548914e-01,2.851788789796583234e-01,2.280294470004989582e-01,2.550552501124219162e-01,2.099251911994748088e-01,1.222100880510769427e-01,2.097538697137895647e-01,1.399692131064343148e-01,1.055072745626613046e-01,1.377384283563307665e-01,9.257295472167675898e-02,1.050404963529241453e-01,3.222773233966401418e-02,5.872006689563990384e-02,9.828147828430819355e-02,1.580379685282689434e-02,6.000000684089178138e-02,5.991120946681777193e-02,6.315331474698759016e-03,4.119867879806116129e-02,2.003990712342871433e-02,1.109057986025800517e-02,1.205222108609166516e-03,1.372973073353450646e-02,-3.272701642007138506e-02,4.010810872405270490e-03,7.642736862721811325e-03,-3.208537123293794813e-02,-3.080505159584018618e-03,-1.576423537905301611e-02,-4.694425192608819852e-03,1.070618440269231406e-02,9.741968975796835850e-03,9.709774438820715017e-03,1.994015960117825198e-02,8.277634772764136395e-03,7.765752334575063733e-03,-1.918849546560093960e-02,-9.884788399031440090e-03,4.771458510090106561e-03,-1.461426505703198979e-02,-5.764305044988184829e-02,-1.199633091009418354e-02,-2.418006888249072880e-02,2.887921370656352377e-02,-5.058232872765029003e-02,2.482785276631111274e-02,-1.909688728827859186e-02,-1.504540935688165795e-03,2.827720972427702831e-02,4.058908712308029361e-03,-5.056849977477834157e-02,2.087292402862634191e-02,1.874473869774071627e-02,-2.829401008950472446e-02,9.263165770491079212e-03,3.150695313959296640e-02,-4.256788053467040756e-03,7.900795974437007166e-03,-1.661283682382579119e-02,4.585661865202769749e-02,-1.145421023671729446e-02,-2.796782613171280071e-03,7.676607618673685074e-02,1.162050057765657285e-01,8.216990139415469852e-02,9.795984177895454559e-02,1.169754380157624063e-01,1.216337170312346699e-01,8.764483266042037701e-02,5.176245486800121198e-02,5.231939530101807623e-02,1.051378554346881905e-01,4.344011534706987074e-03,7.284544344833314422e-02,-2.797931286572262824e-02,-1.924379894715615505e-02,-1.222612303010604633e-02,-2.426800645881234397e-02,-2.923599074968618108e-02,7.952615116569080461e-04
2.436068819484506730e-03,-2.410270793101749326e-02,-3.126117677894311997e-02,-2.654073083581325737e-03,-1.235405235140163253e-02,6.103839989953878387e-02,-5.490268202415977267e-02,-5.451677339509105116e-03,5.885349556098920520e-02,2.571659761503603536e-01,-2.465093332769176943e-02,1.225299000454015824e-02,3.030114649108781588e-01,7.176594742283440853e-01,5.064124193418152453e-01,4.563561116360316250e-01,1.000000000000000000e+00,3.076896785604307794e-01,2.496431351807215926e-01,3.194778895285964038e-01,2.144105285363414604e-01,1.576332425692208161e-01,2.744863293004725646e-01,1.890869857995317316e-01,1.335750624769353467e-01,2.046287241411530455e-01,1.093348725026147966e-01,1.087859587142278595e-01,1.397036352530329206e-01,5.166223383071055775e-02,9.567072796952971747e-02,3.814185991364683892e-02,2.741944331079465558e-02,6.677956021319317315e-02,1.117531284283792940e-02,2.454703962184481489e-02,2.760907973921209249e-02,1.392092223914649825e-02,-6.739732152647504027e-03,-4.472915363188520975e-03,5.192750874355638036e-02,-7.871628477817749214e-03,-1.416380822692593112e-02,-1.462678581107974655e-02,-2.851005097901040345e-03,-1.161310067459023210e-02,2.494882792429026913e-02,1.453672071376444982e-02,-1.166303039934395462e-03,2.555903044925214584e-02,1.309363122884040984e-02,2.150292673442809332e-02,4.084307993203015880e-02,2.509528573849664768e-02,1.740268326308823388e-02,3.248270542164681529e-02,-4.007101841246965557e-02,2.573716465003043907e-02,-2.537979359736465546e-03,-1.357862267150829888e-02,-2.138281135589300067e-02,-1.619942871008513141e-02,-3.284042507497718366e-02,3.589245043781962019e-02,-1.631746630335007692e-02,6.974215229890725135e-03,1.884395164817097290e-02,-1.457354997203200858e-02,1.301432830735768480e-02,3.863900032779791355e-02,2.444405204996780503e-02,4.835270535336338299e-02,2.138051513121146802e-02,4.712936339856590995e-02,1.823330525771020214e-02,4.406185626398325533e-02,1.957308659794403799e-02,-1.546163948207632081e-02,-2.142682039140440114e-02,2.293090545343703934e-02,-5.158867493890938877e-02,-3.707167215892836348e-02,2.249678485272129172e-02,1.081687406649524119e-01,4.757852770638097521e-03,7.829470493018821087e-02,6.245402500794609846e-02,1.335867940301622148e-01,4.960189794919986350e-02,6.297411979981347441e-02,6.039585817785610291e-05,6.626615915276801161e-02,-5.646469012240617688e-03,5.264240286905328553e-02,-5.450529061539964581e-02,3.382270437760464404e-02,3.255377416540394114e-02,2.427613566480162424e-02,1.020225868823415811e-03,4.330329131004816839e-02
-2.367510609927261922e-02,-7.545083974030111773e-02,-1.533441575370303456e-03,1.020092650916828818e-02,-6.273088185874610423e-02,6.653233108503813290e-03,-6.373012128635163753e-02,-1.104477725050302811e-01,5.949950672154510206e-02,2.940436720993090391e-01,2.096991160646455021e-01,4.177444682322651454e-02,4.189311710844866310e-01,3.538435991926994206e-01,6.358997531591426000e-01,4.354539299596422164e-01,3.076896785604307794e-01,1.000000000000000000e+00,4.479254906565487970e-01,4.351896580213864274e-01,4.202139911237678938e-01,2.843224143347206634e-01,3.262245389214248892e-01,2.630319748028847049e-01,1.523356970388491105e-01,2.597328285403484593e-01,1.997919340029545021e-01,1.066920090540780658e-01,1.722758017682636533e-01,1.534522180290752991e-01,1.025806990531713536e-01,6.863307556422802713e-02,1.081636857696471887e-01,7.179715853300418227e-02,6.891865050903143997e-02,8.452355186245913421e-02,8.601713114768926027e-02,7.415311347189748603e-02,4.950906839328903658e-02,-2.763922031264482576e-02,3.422006225760248349e-02,-2.743935680930114848e-02,-5.143584262482797653e-02,-3.085481878324585273e-02,-3.662224194983649400e-02,-4.589991115016513190e-02,-3.441586105060159134e-02,-3.510974499001612986e-02,-6.210024128795441772e-02,-6.514827514084542415e-02,-4.940000336047310064e-02,-4.442073212347597000e-02,-6.675415316915250807e-02,-4.254623750059265130e-02,-7.050314539561031157e-02,-4.951654792105059794e-02,-9.265057750590943719e-02,-7.034376875200069879e-02,-4.179461925305046066e-02,-4.985078897470414383e-02,-1.371514327810873790e-01,-5.248170694183685453e-02,-1.141041302065073648e-01,-6.324963556031901191e-02,-1.055259129677164343e-01,-8.668887063747987565e-02,-1.260808364191284003e-01,-8.935717151780932233e-02,-4.165172249118625353e-02,-1.129739015460079349e-01,-1.014107141473093859e-01,-4.918320897293099875e-02,-1.146963835167767870e-01,-6.386140885479262008e-02,-7.883127187309442452e-02,-5.672487950524415790e-02,-8.518310818841057230e-02,-6.129527733423543318e-02,-7.460662941537504755e-02,-3.218105412433514001e-02,-8.093342225756260111e-02,-9.155146868275372898e-03,-2.093350688989592534e-02,3.950678593780148490e-02,6.414600514822538235e-02,1.519689440184513463e-01,1.554958003418830115e-01,1.341638369672973619e-01,1.466358765192181113e-01,1.177526511170574192e-01,1.501157174082935197e-01,1.686704479849461813e-01,6.278538535946891208e-02,1.160510606090156271e-01,3.394491815480898955e-02,2.258160676388746776e-02,-5.362842216806924800e-02,2.552799645458218858e-02,-9.768610854809713084e-03,4.821063621297547869e-02
5.060692735532196229e-03,-3.896437773591994447e-02,-9.241437178917062505e-04,3.390567424291236059e-02,-1.934103702285602452e-02,-2.425495021614975516e-02,-2.771664462820414704e-02,-4.772131800322883255e-02,1.192047274886103535e-02,2.070664438999780532e-01,7.270439125719904694e-02,-9.202069376991563188e-03,2.774724724244872487e-01,2.962653917786037816e-01,3.976117630243352075e-01,3.461269725363388949e-01,2.496431351807215926e-01,4.479254906565487970e-01,1.000000000000000000e+00,5.654516616104909854e-01,6.123493158890110921e-01,7.385780481347545834e-01,3.680411314492394448e-01,3.142470084688983589e-01,1.591172411809903542e-01,2.990920505702220900e-01,1.362469259213789086e-01,8.203532540473973400e-02,1.289319527022638745e-01,9.469808899474804753e-02,9.716489999273573985e-02,-1.003759041076707909e-02,3.730327453683719707e-02,6.895570793513093599e-02,-1.648187706997842825e-02,1.873593509145603242e-02,5.936206011895280715e-02,3.174381429821618306e-02,3.684325862628055805e-03,1.852050264850214553e-02,1.326564390057028212e-02,-3.383252526548036210e-02,6.118887874565884927e-03,-4.784772880870242356e-02,-2.336686989245994467e-02,4.282133700794389132e-03,-1.517613310956756646e-02,-7.472217380955140445e-03,1.982443280057222257e-02,-6.530662017382731117e-03,1.400308501530866598e-02,3.238392806052978190e-02,7.784223205430699198e-03,4.310470530859001476e-02,4.232955822154548658e-02,1.464322504812758108e-02,2.994923981906255552e-03,3.711881501706147668e-02,-1.832634414084560043e-02,1.188085622408266082e-02,-3.609340158252876546e-02,-1.052960424020205239e-02,-9.567123757153269195e-03,1.394554996421682033e-03,-1.626091445761185944e-02,-1.785100281439234299e-02,-3.297031876753236945e-02,1.787108703692948802e-02,1.359996528631577870e-02,-5.267325509322496289e-03,-2.360601626356433752e-02,2.447634184886262818e-02,-2.668468390403608975e-03,-1.650154668076901990e-02,-4.119470862340857825e-02,-3.682062974650793241e-02,-5.764933788012244903e-02,-3.754302370750701306e-02,-9.408376890621460154e-02,-2.398157388775721058e-02,-5.511923891830682043e-02,-2.052423474878181317e-02,6.136390443985749454e-03,2.813397136646743693e-02,-1.470429091865410771e-02,8.429230845737072098e-02,9.159132290871796478e-02,1.303098644721567001e-01,7.130341632404676999e-02,-8.564742035664057020e-05,2.511069208126393004e-02,6.171455553881694672e-02,-1.597801638518142262e-02,2.748355249777034368e-02,-5.163914584548266046e-02,2.182906752430301828e-02,3.800890511768358765e-02,1.152063694281300898e-02,-7.709451224451823424e-03,8.043595355777609368e-03
-1.242762283705697857e-02,-2.980936003535178749e-02,-1.524096763322407844e-02,-5.903489320999022114e-03,1.290044510736905459e-02,4.980121940973118722e-02,2.054330357508308072e-02,-1.138279544097861931e-02,1.011961821438984582e-01,2.568578072093854470e-01,1.321680335154102048e-01,8.160218116561451795e-02,2.977696979053747750e-01,3.491960267524291117e-01,3.772603563411913163e-01,3.112615783876548914e-01,3.194778895285964038e-01,4.351896580213864274e-01,5.654516616104909854e-01,1.000000000000000000e+00,5.197495271137225759e-01,4.898543638540976408e-01,6.793648274834104273e-01,4.400583138666068761e-01,2.623149537458381308e-01,4.460090528382761876e-01,1.860646791157753166e-01,2.095189358453453665e-01,2.519201950438583748e-01,1.267254186219335665e-01,1.663750876314120386e-01,9.735225803922148424e-02,9.805406173066891218e-02,1.045166907745388452e-01,7.311386320479684731e-02,8.207500337874887308e-02,1.076123499001568479e-01,1.007122394996836506e-01,2.590778115902311537e-02,2.534943196722536790e-02,7.020434085875500163e-02,-1.642213200594386247e-02,5.075582336803005981e-03,-2.673624205423160132e-03,-1.633169428965191780e-02,2.741248598209298452e-03,2.442070755636400678e-02,2.173367563623166548e-02,2.198894153636614737e-02,1.762487558181096911e-02,2.147730107075354958e-02,3.420300911164139007e-02,1.083508894627986142e-02,2.723373133099663695e-02,7.868480494578923568e-03,1.551977302547834225e-02,-3.957613608092338392e-02,6.301484182569423546e-03,-1.763766232445902749e-02,-1.766201867341975207e-02,-6.493841739770356281e-02,-4.208764424665367015e-02,-6.904643295524942603e-02,-3.053503697479403520e-02,-9.035504707124764057e-02,-4.328177330687498631e-02,-1.001868023202938801e-01,-6.406515410002432132e-02,7.416832526335051003e-03,-9.284845422668699944e-02,-9.932334828031164076e-02,-4.054529322656856560e-02,-6.367301515664176847e-02,-5.202729475062085884e-02,-2.289138259867382064e-02,-1.525449752278902268e-03,-5.914449229187977025e-02,-2.324202961340634740e-03,-6.991953447887237771e-02,-2.693015636128224741e-02,-6.849602761032271003e-02,-1.546078153602915839e-02,4.261096973253314379e-02,6.294352219543734861e-02,5.797522924561365060e-02,1.302378105841457134e-01,1.377072841003452452e-01,1.447666645239540362e-01,1.218558967615450406e-01,5.649513246969181668e-02,5.878340911714909078e-02,1.094660815819529093e-01,2.435826190689295220e-02,3.346971201821035552e-02,-4.493730250227503248e-02,2.255222601363826573e-02,3.469921005805046924e-03,2.963183701754302721e-02,3.638789678662081306e-02,5.236233937653966830e-02
-3.090571332503626659e-02,-5.210079916983714060e-02,-2.039755026974290897e-02,-9.376873139656778308e-03,-2.703953216519109845e-02,1.953358404242462945e-03,-7.033696441463151931e-04,-5.597692069042314866e-02,6.634309146054270800e-02,2.250808441972438623e-01,1.243427434076294913e-01,6.137183190062337618e-02,2.787001868507096858e-01,2.617888303361689539e-01,3.797568645478374694e-01,2.851788789796583234e-01,2.144105285363414604e-01,4.202139911237678938e-01,6.123493158890110921e-01,5.197495271137225759e-01,1.000000000000000000e+00,4.676762149244533262e-01,4.846711038874987332e-01,3.164701829894716600e-01,1.366091142108804835e-01,3.073828635357416794e-01,9.767893877960634463e-02,4.507468377867929893e-02,1.401653877582124674e-01,3.894904719767016549e-02,5.263940488076629398e-02,1.256514005592024308e-02,-9.476053883657069299e-03,2.044554591176336519e-02,1.639160426609653385e-03,-2.203724887853210010e-02,3.594841060944913708e-02,3.647189876835376515e-02,-9.760915570371158506e-03,2.803805161644289893e-03,1.022387615884090203e-02,-5.092523974115816671e-02,-1.369688079910636944e-02,-4.582382624917505365e-02,-4.414292732589938234e-02,-2.058530268957736026e-02,-3.563991952372932981e-02,-2.195465972220165055e-02,-9.583159549098843599e-03,-1.478044157104233154e-02,-4.826312692382280986e-03,2.403336345465735893e-02,6.124064432473100977e-03,1.600333510387691102e-02,5.375974811685074739e-02,3.205328461962250047e-02,-3.139270186258244499e-03,6.064908407873615542e-02,-2.164039456119666582e-02,-3.156022832055676436e-02,-3.311107067881768201e-02,-4.723213172770950041e-02,-3.263452797068226025e-02,-1.241938972086260341e-02,-7.706271321183789935e-02,-3.774049361427947447e-02,-6.084637788621435894e-02,-2.869017186553214291e-02,7.078340897275227882e-03,-3.728296805690701349e-02,-2.711755320376578460e-02,-1.700454035642909659e-02,-4.660024868639294632e-02,-3.437286932672081741e-02,-3.543285247119892095e-02,-2.147018008221258240e-02,-4.334936620769459792e-02,8.345246056444594236e-05,-7.796016105381417538e-02,-3.291874317076462497e-02,-7.452443470218522714e-02,-4.042811376094371939e-02,3.588749246968461759e-02,6.800096345504116901e-02,1.373932288683251193e-02,5.582826005864281044e-02,4.995225758839671321e-02,1.120183932274017580e-01,3.767581325773063095e-02,-8.445435408356394974e-03,-2.448206980250126549e-02,3.570107658941176071e-02,-5.340083593560313729e-02,1.352319719918062060e-03,-6.163873367583695695e-02,4.087370311116189647e-02,2.667360817416869478e-02,4.998992709212718433e-02,2.950837597241453419e-02,2.737946694294611516e-02
1.494237648827545159e-02,-1.303305251514679831e-02,1.606829377615504734e-02,3.877597298254229635e-02,-6.979442511592100912e-03,-3.048661747698387312e-02,-2.027964399267532039e-02,-1.238075418901795482e-02,-2.147939182278451112e-02,1.182140462588458785e-01,1.232748298267785127e-02,-4.120093593894305628e-02,1.563219438144810014e-01,2.011373108404825860e-01,2.317960402578453372e-01,2.280294470004989582e-01,1.576332425692208161e-01,2.843224143347206634e-01,7.385780481347545834e-01,4.898543638540976408e-01,4.676762149244533262e-01,1.000000000000000000e+00,2.873739938612906997e-01,2.788367277249401144e-01,1.206164885574632639e-01,2.464639978156024647e-01,9.118682213791474978e-02,7.653321728798738455e-02,1.140569147726921140e-01,7.424746941011339807e-02,6.431862194172252578e-02,-6.268602311634449004e-03,3.595428418589066005e-02,4.629084124689348406e-02,-2.536537007790574949e-02,3.216943572953805119e-02,4.523240862353539171e-02,2.631840335535836142e-02,2.341798637839959812e-02,1.418827617152556772e-02,2.339116621114215640e-03,-2.137288016923362052e-02,-6.293131808886604384e-04,-5.149756540060915211e-02,-1.766643429275393043e-02,6.845287259903016022e-03,1.500549095897150617e-02,8.807329049083189795e-03,3.023017085906194723e-02,2.616891781940478001e-02,3.287165599804924704e-02,4.242154702708368641e-02,4.189780917339386984e-02,5.827961159788004608e-02,4.890195483605451476e-02,2.621781438771967135e-02,1.949686460351983050e-02,5.910683600065059357e-02,1.248009083237390082e-03,2.540427182294306002e-02,-4.209949521767637065e-02,-3.940389809140182678e-03,-3.299409582038859059e-03,-1.480488750272684374e-02,-3.656730362005114650e-03,-2.312690544073239818e-02,-3.502740720217671633e-02,2.301983040642592657e-03,-5.534445282378092296e-04,-1.363113929238812284e-02,-2.009472385398112029e-02,4.900627647356160278e-03,-1.378884617887912896e-02,-1.965606252614346058e-02,-2.970080087406481301e-02,-1.988602560677593667e-02,-5.137912435288945201e-02,-3.778029279286256731e-02,-5.764323774891350061e-02,-2.766252524847647234e-02,-4.066774960457515686e-02,-1.276600307508666578e-02,4.823511744358584480e-04,1.333348750603653016e-02,-3.374813746368117429e-02,5.002822177667808762e-02,9.835766874201834487e-02,9.019054838706999644e-02,5.628930495858428668e-02,2.301752811924833927e-02,3.551829952440784671e-02,4.542096662673177770e-02,1.497579151963073819e-02,-1.449586768828326974e-02,-3.994846900463962236e-02,-2.309104026797955192e-02,1.609038437534739477e-02,-3.064151479821023913e-02,-2.019303859231316375e-02,-2.561751448815633922e-02
-2.698328323636607975e-02,-7.591200125989840293e-03,-4.140480499579820423e-02,-3.489601689591090988e-02,3.096487662685735998e-02,5.702094385843040764e-02,3.767031798372379170e-02,1.337283747347358005e-02,1.175506366329766017e-01,2.319051040076714476e-01,1.474132440575725012e-01,1.142686249972359042e-01,2.593106605733725423e-01,2.997150465627990146e-01,3.274277544645849969e-01,2.550552501124219162e-01,2.744863293004725646e-01,3.262245389214248892e-01,3.680411314492394448e-01,6.793648274834104273e-01,4.846711038874987332e-01,2.873739938612906997e-01,1.000000000000000000e+00,4.532041388505594903e-01,3.437894660689495563e-01,4.533864448887041654e-01,2.149972682815957103e-01,2.118235358198835294e-01,2.287604756455846045e-01,1.147519124674772489e-01,1.515865501853982666e-01,5.771661703991985692e-02,7.647091001870912064e-02,8.987376484254651354e-02,4.467751875705403691e-02,5.656361404959674155e-02,8.357398345945711571e-02,5.391698423154106523e-02,-1.444567594727218327e-03,-4.846868351148513748e-03,3.375428276888237100e-02,-4.306334341514699016e-02,-1.874827101245614067e-02,-3.491257931631470274e-02,-5.438947006366060682e-02,-1.803046202396774156e-02,-6.033515034591366809e-03,3.414538055962733961e-03,5.525678749202814384e-03,-1.594759973722220973e-03,2.092484349768945762e-02,3.951819619779512599e-02,4.819215568608185667e-03,2.740582101768135673e-02,1.007042185450260537e-02,3.631365257360079368e-02,-1.092099841358245421e-02,1.353340473125157900e-02,3.313920600474601613e-03,-1.533055057800262327e-02,-1.330986670784193963e-02,-2.931430293921389457e-02,-3.390900877855793777e-02,-2.125577425608089419e-02,-5.691884890178749296e-02,-1.216970239231530797e-02,-6.849526500293509623e-02,-2.837824312967062237e-02,2.600878476942082226e-02,-7.054598838140113681e-02,-8.630421457718917555e-02,-5.023084936738367312e-02,-4.680370615244935917e-02,-5.244174031596603169e-02,-6.040898801915663141e-02,-2.135679896581739803e-02,-6.852716900509854547e-02,-2.304060046754389385e-02,-9.368992256315865352e-02,-5.947537113738939757e-02,-9.545599197803394942e-02,-8.284811217751557669e-03,1.960624050776023017e-02,7.231596844792355372e-02,4.634808305324092208e-03,3.676521149714240960e-02,4.273066360065674169e-02,8.056808201801611558e-02,2.482933451047427548e-02,-4.042298945495757800e-02,-1.068537688389184330e-02,1.217649420655390370e-02,-4.994044686481503847e-02,1.701509537749160139e-02,-1.993777284563770166e-02,7.012903614750386205e-02,1.118748848946292049e-02,6.652278407838772833e-02,6.450642414144919234e-02,5.579563780494432856e-02
-5.459981922496817686e-02,-6.359667012764087801e-02,-3.395415265836875668e-02,-4.627200818575565033e-02,-4.689202309092527221e-02,-6.789466883305519951e-02,-3.162453220031868906e-02,-5.830215378831021117e-02,-8.452872364314356624e-03,1.472884830050520677e-01,9.943125595982744980e-02,-5.395544795990811840e-03,1.990581110394161468e-01,2.315171122297582651e-01,2.409930213590579517e-01,2.099251911994748088e-01,1.890869857995317316e-01,2.630319748028847049e-01,3.142470084688983589e-01,4.400583138666068761e-01,3.164701829894716600e-01,2.788367277249401144e-01,4.532041388505594903e-01,1.000000000000000000e+00,5.391622102896336255e-01,6.992768337545919310e-01,5.702018456896654763e-01,4.384727658736270461e-01,4.473421800201645149e-01,4.221146299235516985e-01,2.990727653810946740e-01,1.533136321949559455e-01,3.130514931391042976e-01,2.532924298785609318e-01,1.571649351024299313e-01,2.624599570853004549e-01,2.510085200115505510e-01,1.658455919395263045e-01,1.899452067089882068e-01,1.614241376288461649e-01,1.718143503146954965e-01,1.261523152066995335e-01,1.303308841334861745e-01,4.593490654361435943e-02,8.416412371358969469e-02,1.321317912538426675e-01,7.453760599517171570e-02,9.248985287135723377e-02,9.661037942945316370e-02,7.772386132112750479e-02,7.576822327835468218e-02,9.580487008186686082e-02,3.836085884006185109e-02,7.899686066858885303e-02,2.082008648764215389e-02,1.839486443771068749e-02,-1.624852758704385322e-02,-8.084607544268963830e-03,-3.121776021584800071e-03,-1.416296940088625266e-03,-5.330239569110869179e-03,-9.449979010330674528e-03,6.407819582661349218e-03,1.822423408946363330e-02,-3.338486288838220239e-02,-6.724303137797151128e-04,-8.534417453484387239e-02,-3.256057485244336774e-02,4.251293268150535543e-02,-1.233564543857028767e-01,-1.566678833097666090e-01,-9.784751722278388353e-02,-9.380803095749229437e-02,-1.031357424480002227e-01,-1.116588310333693768e-01,-8.096499168448059724e-02,-1.396859585023563499e-01,-3.550750252573928178e-02,-1.395055649236003059e-01,-7.316456556863815130e-02,-1.244203917322051489e-01,-8.651977111175122859e-02,-6.010417624800426517e-02,5.411809577855943715e-02,-3.921972806979893977e-02,7.858529790252234692e-02,1.213687920295335315e-01,1.546743002729649430e-01,4.662213888870213319e-02,-2.331019368143326734e-02,6.922858153479370669e-02,9.564668997315928234e-02,2.825907224742353618e-02,8.609719028952335373e-02,5.902214043907522134e-02,5.721313614888937082e-02,1.682765473771861281e-02,3.644070516647402586e-02,1.194016532555564232e-02,3.223004802786175182e-02
-1.439662399001343310e-02,-3.604549305041526708e-02,-2.456308618996993695e-02,-3.369286487748370668e-02,-3.411975304972839074e-02,-3.936626688156092541e-02,-4.011882472049117798e-02,-2.900673232851855993e-02,1.330091992835694473e-02,1.057909482699552067e-01,6.470562597971570018e-02,5.644602249490637651e-03,1.343968015973108499e-01,1.491518552409707710e-01,1.412220026321490407e-01,1.222100880510769427e-01,1.335750624769353467e-01,1.523356970388491105e-01,1.591172411809903542e-01,2.623149537458381308e-01,1.366091142108804835e-01,1.206164885574632639e-01,3.437894660689495563e-01,5.391622102896336255e-01,1.000000000000000000e+00,5.628317714457692356e-01,5.509537678277955930e-01,5.523044263187486536e-01,2.214410973601772248e-01,3.877999618311834817e-01,3.098766874289673456e-01,6.155814416253631988e-02,2.871571152672554583e-01,2.813980378774637581e-01,1.190690643137027466e-01,2.410615343639185559e-01,3.045488977107381756e-01,1.195824308071061215e-01,1.700698110228601456e-01,1.788015396478456198e-01,1.594747011202243270e-01,7.763425972974323519e-02,1.139556211607884451e-01,6.736732398894326734e-02,3.169725225127799362e-02,9.154875886558186404e-02,3.570226821904403519e-02,1.632281591280735841e-02,3.785708632284406211e-02,1.529509016302040524e-02,-6.397532077486414032e-03,1.588478130486068937e-02,-3.051123623668487023e-02,7.009598069821171111e-03,-3.052656722352587587e-02,-1.096282999456725006e-02,-5.499809414235666549e-02,-4.533995553469068879e-02,-5.104182240183527224e-03,1.457636521158843512e-02,3.579552047114245572e-02,-5.479531353739818846e-03,5.286052730834437524e-03,2.848605606623967612e-02,-4.419057415154838131e-02,-1.184605739402938736e-02,-8.204056094993235349e-02,-3.275082659220236031e-02,3.744389382411551087e-02,-1.344623863401750996e-01,-1.853525201434964020e-01,-1.264675006580840422e-01,-5.128736189829414399e-02,-1.654474595878907828e-01,-1.129519651834189065e-01,-5.453237495994443795e-02,-1.151710187525028656e-01,3.114322435471772021e-03,-8.924664650487655615e-02,2.055813748561530121e-03,-8.806339410809893575e-02,-1.518827377393762272e-02,-3.403358580445241949e-02,-1.630041993963178212e-02,-2.623009238962203254e-02,1.867693041576323418e-02,2.381299882358296066e-02,3.123784574223627524e-03,4.714571973050951312e-03,-9.171195146427305045e-02,6.625599724196684637e-02,5.714786470291220721e-02,-2.818863254209771907e-02,1.099577900827495014e-01,1.136948275753103810e-01,1.305147980735105462e-01,-5.087238564208230486e-03,1.142173463776430115e-01,-1.197247351685467621e-02,2.317943245325023577e-02
-3.701166256012714678e-02,-4.246237924509289191e-02,-1.862405703517896680e-02,-4.481430555373927538e-02,-2.957071164266734595e-02,-4.791931764927614967e-02,-2.892869489906488636e-02,-3.746691553496747651e-02,1.385857936451049925e-02,1.569832310643174411e-01,8.937645173507818841e-02,8.248250757113707171e-03,2.010114764246906383e-01,2.284575897706754843e-01,2.639062460109844466e-01,2.097538697137895647e-01,2.046287241411530455e-01,2.597328285403484593e-01,2.990920505702220900e-01,4.460090528382761876e-01,3.073828635357416794e-01,2.464639978156024647e-01,4.533864448887041654e-01,6.992768337545919310e-01,5.628317714457692356e-01,1.000000000000000000e+00,4.107776955095658322e-01,4.849203983193651757e-01,4.956583470746001030e-01,2.581979274536704838e-01,2.341088212637113530e-01,1.470557775679473822e-01,1.859833000497649880e-01,1.722253700545293975e-01,1.373107844389030996e-01,1.555763145786268897e-01,1.820828922762857127e-01,1.804298412347705438e-01,1.207124915889722788e-01,1.070435647525983941e-01,1.761871504178162962e-01,7.738399125820184798e-02,6.799491317417689917e-02,4.537126323634454311e-02,5.351742796001269370e-02,9.329227276846105421e-02,9.281829767277845200e-02,7.485378490167397814e-02,6.816597170585665666e-02,9.338924091857490895e-02,4.796352178426359358e-02,7.630354587288785961e-02,3.786945389652823096e-02,5.384889859470597118e-02,1.005470272131014225e-02,7.755274177758236451e-03,-5.246013366048229987e-02,-2.797622427301304018e-02,-2.849509449660449223e-02,-3.471877968013295512e-02,-1.939699215057810039e-02,-4.733367291550782952e-02,-2.187128417938010924e-02,-6.537398498126494734e-03,-5.738006098032234770e-02,-2.755341440682624460e-02,-8.676513749621110605e-02,-4.145955233676713175e-02,1.745630901545911981e-02,-1.084898997951146277e-01,-1.213487637454008922e-01,-6.334607419427039365e-02,-5.683843070865900876e-02,-5.952975458191358399e-02,-6.209089884227356193e-02,-2.776250748759812384e-02,-8.403140398003564049e-02,-2.324423472271216432e-03,-1.111481933201610151e-01,-5.956996329829749443e-02,-1.151614112941647394e-01,-1.006082248815891866e-01,-5.376310358326844702e-02,4.836823613569667807e-02,-2.420687858038157378e-02,4.586586034227677772e-02,1.039966534813948212e-01,1.123018404945802379e-01,1.055748634193279245e-02,-2.184714327517973953e-02,1.191732118646079107e-02,4.418871419001332151e-02,1.171880193781644304e-03,4.344336682471220540e-02,2.903861550304009942e-02,3.587082226084441217e-02,-2.727106278330851744e-02,1.812959179616919006e-02,3.464663695450344999e-02,4.628528428828956875e-02
-1.567739274851396789e-02,-2.131375242729233871e-02,1.433044406561365461e-02,-7.226284927756526470e-03,-2.497857597317724304e-02,-5.157453129669949815e-02,-3.344420831966905816e-02,-4.724010121919924171e-02,-4.651570316670156080e-03,1.010224053888340023e-01,8.552858384671965797e-02,-1.110084164344035326e-02,1.422842080682832910e-01,1.441148563977851238e-01,1.699498883778873815e-01,1.399692131064343148e-01,1.093348725026147966e-01,1.997919340029545021e-01,1.362469259213789086e-01,1.860646791157753166e-01,9.767893877960634463e-02,9.118682213791474978e-02,2.149972682815957103e-01,5.702018456896654763e-01,5.509537678277955930e-01,4.107776955095658322e-01,1.000000000000000000e+00,5.213151576597033765e-01,4.971676271385993551e-01,7.967706088372011886e-01,4.714330531830710491e-01,2.735552564766123851e-01,6.254108994579899994e-01,4.639759906500247610e-01,3.339826522149322297e-01,5.137714403754580772e-01,4.672121206929186754e-01,2.460029161753352622e-01,3.639489493284245869e-01,2.975329107579797738e-01,2.486257788435645155e-01,1.938625103045370224e-01,2.350979014363835939e-01,1.448752110784073399e-01,1.347926371123638056e-01,2.136079501818066162e-01,8.916175634010697904e-02,1.011659578767348383e-01,1.307715680178790640e-01,6.905488544591040223e-02,9.147914173054248754e-02,7.813051606894751144e-02,1.941887575665255522e-02,6.965678549695757116e-02,-1.993068162348243105e-02,9.310479885439520292e-03,-1.443123089194930930e-02,-4.468527186260332767e-02,2.330304633100071382e-02,-1.607263061454929781e-02,-1.427410712523096217e-02,-3.530712998380246964e-02,-3.546315078861931452e-02,1.134120226217661103e-03,-8.151084425852019033e-02,-4.180802876345166008e-02,-1.194618884561466643e-01,-6.926163517700378858e-02,2.508162225480090393e-02,-2.107455566717153506e-01,-2.383344560239803733e-01,-1.815777123851066432e-01,-1.630888503877648554e-01,-1.922624992947183642e-01,-1.882773255501527243e-01,-1.486372981737787979e-01,-1.812726502399505946e-01,-2.517971233501588302e-02,-1.546123406980188797e-01,-9.623358073706586580e-02,-1.070376306373227865e-01,-6.763195656336107309e-02,-1.422202035571327461e-01,-1.199396461392550524e-02,-5.517179394024718242e-02,1.375473961325643923e-01,1.496313329741579268e-01,1.829774433866163119e-01,1.066474132579301876e-01,-5.010929877175181874e-02,2.122902517537515465e-01,1.824171605978996413e-01,3.652131835136553789e-02,2.534034107945568048e-01,2.250653375301234493e-01,1.745124193731273365e-01,-1.092665043544710848e-03,1.312548538305365053e-01,-7.280272526429509838e-02,3.727351167224216694e-02
-3.158781995940034698e-02,-5.374056989813410373e-03,-5.080232650409978543e-04,-4.028202821671111877e-02,-3.038989406504805264e-03,-6.309236362621120815e-03,-2.223304406958953941e-02,5.178977177798099567e-03,1.442443826255529297e-02,9.577043461187705053e-02,2.658025341892143387e-02,-2.466677584859808606e-03,1.021218890002984492e-01,1.326099861287461656e-01,9.774398098210339281e-02,1.055072745626613046e-01,1.087859587142278595e-01,1.066920090540780658e-01,8.203532540473973400e-02,2.095189358453453665e-01,4.507468377867929893e-02,7.653321728798738455e-02,2.118235358198835294e-01,4.384727658736270461e-01,5.523044263187486536e-01,4.849203983193651757e-01,5.213151576597033765e-01,1.000000000000000000e+00,5.157279696896907017e-01,4.262844664805156003e-01,5.649687109289224241e-01,2.884189125425594691e-01,3.708347914917055621e-01,4.699505155581086280e-01,2.902488153704051999e-01,3.062430247695077101e-01,4.025216555622186387e-01,2.635983287202993131e-01,2.910411461108018960e-01,3.182833032951826180e-01,2.800939261453812557e-01,1.929736310164159308e-01,2.555067422875186289e-01,1.613055334031561483e-01,1.555313523039581480e-01,2.243279471114058565e-01,1.345879896684492594e-01,1.239715018600326402e-01,1.487773708850964882e-01,1.275112326573740740e-01,6.733853077598839221e-02,8.673079931629454342e-02,3.018810569474746075e-02,4.993496378736852342e-02,-1.542580107115440816e-02,4.479210832429560141e-02,-4.667954382895258408e-02,-6.474871116812641603e-02,4.692095251045111381e-02,-5.006559529468101316e-02,-2.214215041413037516e-02,-6.980593001789064944e-02,-3.961184567159984488e-02,-9.189922094089040053e-03,-9.756450960597419508e-02,-3.390576465402984213e-02,-1.377180845264610876e-01,-5.367094188412582095e-02,9.329888905891904616e-03,-1.692860171371334266e-01,-2.220956611274564896e-01,-1.332275423333861841e-01,-9.148405768675457739e-02,-1.800856170140466006e-01,-1.589050054804261314e-01,-1.236981061606599597e-01,-1.187009091965587071e-01,-2.024555460208852728e-02,-1.021516028608611126e-01,1.002912185803635919e-02,-9.377870965603489484e-02,-1.632133481898522323e-02,-4.800511538685095503e-02,-1.193431872773282991e-02,7.638629875910638587e-04,2.022144027858054777e-02,8.164875202861895942e-02,-2.911865613965091901e-02,5.758668274749601662e-02,-2.576800277683872001e-02,1.168709358544735705e-01,1.130512861626424420e-01,5.367988306322879141e-03,1.372234654379086705e-01,1.088906496048048372e-01,6.106144111870008551e-02,-6.127918504938309474e-02,4.777291030807161165e-02,-2.847493751187120392e-02,3.738498217946233798e-02
2.796034683723805196e-03,1.781272034087942602e-02,4.661756093415876656e-02,9.530575216163324551e-03,6.801963220516774392e-03,-2.758069075887439534e-02,-7.311948620931112489e-03,7.251166649938804026e-03,1.608399801104827163e-03,9.674455164263784379e-02,1.721656504887433825e-02,-2.351710065462511712e-02,1.212530875926765422e-01,1.823295851866241768e-01,1.720965325038807114e-01,1.377384283563307665e-01,1.397036352530329206e-01,1.722758017682636533e-01,1.289319527022638745e-01,2.519201950438583748e-01,1.401653877582124674e-01,1.140569147726921140e-01,2.287604756455846045e-01,4.473421800201645149e-01,2.214410973601772248e-01,4.956583470746001030e-01,4.971676271385993551e-01,5.157279696896907017e-01,1.000000000000000000e+00,4.428088278366417163e-01,3.477307648227903614e-01,5.196557946127563499e-01,3.912702973599671008e-01,2.923833346913602971e-01,4.303471109668802752e-01,3.124063661727144448e-01,2.551766762825908863e-01,3.502088667896974816e-01,2.397135019692021030e-01,1.947137700214468803e-01,2.491074718795341092e-01,1.412688707531976062e-01,1.591447634846611392e-01,1.565649047060690413e-01,1.506472206875517084e-01,2.162160593304879308e-01,1.926516256647419767e-01,2.027282751411361439e-01,2.051953936935499712e-01,2.290685470012640002e-01,1.789935573774055488e-01,2.006758686611600229e-01,1.567389041066314936e-01,1.619953198147899009e-01,9.606300240214862840e-02,1.019920511117927558e-01,5.162443809841197467e-02,5.533362468427328179e-02,5.447429641832726016e-02,-2.174488253096491103e-02,-2.181856362337905239e-02,-3.658485452148618755e-02,-3.168813219451544622e-02,-2.251221532809317624e-02,-8.004422985439096916e-02,-2.053980762334912946e-02,-6.428893592055724693e-02,-7.848376882202981464e-03,2.154403966394393809e-03,-8.086506166436437104e-02,-9.137707908343153940e-02,-6.058925125953937979e-02,-6.073382209904080314e-02,-4.198658970503244686e-02,-9.268115056941965413e-02,-6.520533185592973513e-02,-8.096374630569197484e-02,-2.155147809394499306e-02,-1.205057861976774336e-01,-1.016233782664578283e-01,-1.251547244975522444e-01,-1.288569217286604229e-01,-7.720487707200943128e-02,6.066231261375258643e-02,-5.560114803757121998e-02,8.685792383551556306e-02,1.683931503468434621e-01,2.061981419921224412e-01,6.151261554794928282e-02,4.693224998414757126e-02,7.934456637735519402e-02,1.202690214304251853e-01,7.303640495501946550e-02,1.176172184031806789e-01,8.055446468780938507e-02,-2.391580082838737960e-03,-4.875558586767975155e-02,-3.778687578819365372e-02,-6.440769164689887430e-03,2.170282465351142456e-02
-1.824864794890000697e-02,-2.555520825951294178e-02,9.710945306066181421e-03,-1.091962468205096189e-02,-3.781557689579385928e-02,-6.194224838451647258e-02,-5.088231180432029738e-02,-5.227950565559741358e-02,-2.268779604978354847e-02,5.397229480179825678e-02,5.715518731971510474e-02,-2.945903245203927712e-02,8.684658512348394921e-02,7.720607038447686865e-02,1.161080445735198641e-01,9.257295472167675898e-02,5.166223383071055775e-02,1.534522180290752991e-01,9.469808899474804753e-02,1.267254186219335665e-01,3.894904719767016549e-02,7.424746941011339807e-02,1.147519124674772489e-01,4.221146299235516985e-01,3.877999618311834817e-01,2.581979274536704838e-01,7.967706088372011886e-01,4.262844664805156003e-01,4.428088278366417163e-01,1.000000000000000000e+00,5.071463089969024951e-01,3.470205281050548485e-01,8.218828109186319120e-01,5.172884073749957068e-01,3.903985665549213890e-01,6.869298315579481784e-01,5.487362215674338461e-01,2.769318517166665106e-01,4.850172522840831002e-01,3.600479463349279263e-01,2.773397337428490927e-01,2.844399067387084479e-01,2.776218836469788731e-01,1.910484759737441085e-01,1.951899914405479108e-01,2.461574066882605827e-01,1.060322030857958342e-01,1.019362356737201908e-01,1.217501720353976885e-01,4.626816022690379698e-02,5.975927805035841089e-02,2.212209843493377626e-02,-3.910020830887174503e-02,3.670757045935610970e-03,-8.066248080069225723e-02,-6.216472508388457691e-02,-6.995509078088633925e-02,-9.787459426064586132e-02,-2.121129560505174982e-02,-5.001604128600311422e-02,-5.007664471980471238e-02,-4.857836743663974943e-02,-4.913372854616270685e-02,5.312263139967562942e-03,-6.306330353139555367e-02,-3.672497101573986289e-02,-1.143994673948546398e-01,-7.860102842389156408e-02,2.785369855010462470e-02,-2.181185322807753513e-01,-2.259247104551377339e-01,-2.089271056691743289e-01,-1.741379276597488923e-01,-1.935120924842624879e-01,-1.932941993876567954e-01,-1.552734415681227276e-01,-1.696813290343418545e-01,-1.737888992537877514e-02,-1.006243919697415862e-01,-8.075035578831951666e-02,-3.689355021801937751e-02,-3.849605974734156277e-02,-1.348486587667006575e-01,5.522376800470537358e-04,-7.850994215341561278e-02,1.373110373427583741e-01,1.466339542049001077e-01,1.716317921690633519e-01,1.423871536933377646e-01,7.956678155045122589e-03,3.389230760042082902e-01,2.328609029928596641e-01,1.372139038215905993e-01,2.956066463649852927e-01,3.292937037035076897e-01,1.215461152497688962e-01,-3.417877264352788685e-02,6.700727519246617303e-02,-2.031072784026354827e-01,-1.576331822972526844e-02
-2.813588142670946785e-02,-1.467024882988991405e-02,1.582319353548371915e-02,-2.207618256609292229e-02,-3.397520333862070335e-02,-4.130665347003777133e-02,-2.955219504812121867e-02,-6.162918715178983611e-03,-1.248989737768164618e-02,6.761708910785521609e-02,1.459641433184942147e-02,-3.287338626497622596e-02,9.951107422511364098e-02,1.217622724962399428e-01,9.393362620278961073e-02,1.050404963529241453e-01,9.567072796952971747e-02,1.025806990531713536e-01,9.716489999273573985e-02,1.663750876314120386e-01,5.263940488076629398e-02,6.431862194172252578e-02,1.515865501853982666e-01,2.990727653810946740e-01,3.098766874289673456e-01,2.341088212637113530e-01,4.714330531830710491e-01,5.649687109289224241e-01,3.477307648227903614e-01,5.071463089969024951e-01,1.000000000000000000e+00,4.842305557687432982e-01,4.679197865631519182e-01,8.002135162729719919e-01,5.575160619091039660e-01,3.351528149136536183e-01,6.121547392046159386e-01,4.430569520127466965e-01,3.298954449574827419e-01,4.545902542078494868e-01,4.553590151886766080e-01,2.215903996594025260e-01,3.684617764862289646e-01,3.003381506233906983e-01,1.682908736355094026e-01,3.023285321331704023e-01,1.433859016524840768e-01,1.081965313918933497e-01,1.482376216575247707e-01,1.048704286770118510e-01,5.570885017923662280e-02,4.906347848698076886e-02,5.838188898438889662e-02,3.425872220863653700e-02,-7.245201974784635547e-03,2.732575039962758384e-02,-2.879161877214509932e-02,-5.969050650330378488e-02,4.326087576471834839e-02,-9.434452509076135529e-02,-6.817506151183420904e-02,-1.369522246906497986e-01,-7.167553652312612378e-02,-6.333603241873736467e-02,-1.124647846380777000e-01,-1.111306210173794301e-01,-1.906744890801895242e-01,-1.055041897755523012e-01,-6.456791315813625864e-02,-2.364133342198325161e-01,-2.674589829218801396e-01,-1.367179170888251083e-01,-2.102203812045946030e-01,-2.438906901294702334e-01,-2.499071009764649021e-01,-2.249285575973102858e-01,-2.202663931355602067e-01,-1.816017822206099364e-01,-1.999153469186269183e-01,-1.608795399875463383e-01,-1.474635796687460976e-01,-9.042075983725397781e-02,-9.311286429629565820e-02,-1.409149039240601420e-01,2.993268739339020185e-02,2.825418212013378616e-01,1.757564626040492850e-01,2.070294334633545619e-01,2.670795519637281790e-01,-1.831606007624393684e-02,7.826027013094191687e-02,3.053384034624678778e-01,-4.930299824268696840e-02,3.675501886109562300e-01,9.809420133303260736e-02,2.576926205329222452e-01,-1.298432612715765544e-01,2.572691876677560829e-01,9.620853287334076021e-02,2.785925116683788394e-01
-2.627974701821891163e-02,-3.456656247420940298e-02,-1.146998442047346412e-02,-3.040845937562834667e-02,-7.412064248647545761e-02,-1.056532630739477063e-01,-8.518184537582922100e-02,-4.934603389229898218e-02,-8.879922564871216284e-02,1.181810206303116062e-02,-5.467718765743073001e-02,-1.189534792130661767e-01,4.789377462162519583e-02,6.197903131205997895e-02,6.555128026946882569e-02,3.222773233966401418e-02,3.814185991364683892e-02,6.863307556422802713e-02,-1.003759041076707909e-02,9.735225803922148424e-02,1.256514005592024308e-02,-6.268602311634449004e-03,5.771661703991985692e-02,1.533136321949559455e-01,6.155814416253631988e-02,1.470557775679473822e-01,2.735552564766123851e-01,2.884189125425594691e-01,5.196557946127563499e-01,3.470205281050548485e-01,4.842305557687432982e-01,1.000000000000000000e+00,5.328826414343261764e-01,3.103266202894142678e-01,7.947017676327908786e-01,4.201472266266693678e-01,2.953293982931838868e-01,6.189089391228727033e-01,3.963614032341643556e-01,2.072209067077888933e-01,4.232133669053698699e-01,2.538511440531321939e-01,1.386683403478431165e-01,2.632269502651315984e-01,1.746905802753444259e-01,1.567404112261269744e-01,1.927216451158262345e-01,7.838883109381812597e-02,9.468026423967351723e-02,1.266916071447845571e-01,-2.357134732036364824e-02,2.628888739211263786e-02,2.591430803156284657e-02,-3.613359505442059749e-02,-9.146576442803812726e-03,-1.646927852566559478e-02,-6.081146907557264530e-02,-4.907186408178583481e-02,1.713267424613920675e-02,-1.189041186937489919e-01,-1.331897731896282688e-01,-1.512409648705625997e-01,-1.274797155750970190e-01,-1.356334694248421679e-01,-1.438495839123399012e-01,-1.292565526148573285e-01,-1.554235841462710543e-01,-1.601714726038425407e-01,-1.025412805717346998e-01,-1.583393665049501187e-01,-1.023465853814937709e-01,-9.525058984230307113e-02,-1.290791268114318546e-01,-1.026211774530877696e-01,-8.787110972343259441e-02,-5.714053260661475231e-02,-6.796151092729693644e-02,-8.803330941234070728e-02,1.784160353949158090e-02,-1.770976950574863415e-02,-2.301762416430699551e-02,-2.315239768169272128e-02,4.236695863806647783e-02,-2.514283843459639081e-02,1.428778125505681673e-01,3.284314535406323010e-01,2.407091856656726758e-01,1.471661325227134054e-01,3.704261079071308749e-01,3.558689515580035212e-01,1.921774585018967418e-01,4.113455995866787118e-01,2.727899631572697214e-01,2.525112271615724824e-01,6.327294649688661177e-02,-9.878202689565972194e-02,-3.262919617372812553e-01,-8.255299245933803154e-02,-6.684066432062067686e-02,1.099263701972166968e-01
-2.939311034178364312e-02,-3.488534599911086165e-02,-6.232410854253011070e-03,-2.915628541482927910e-02,-5.563618365529051507e-02,-8.132101781221638681e-02,-7.564460987454896257e-02,-4.792493830276977479e-02,-5.343714729013637754e-02,2.824575679734334099e-02,1.862963915839176490e-02,-6.631541087215893360e-02,6.073073011142144512e-02,4.745980225551167664e-02,7.641779180053191733e-02,5.872006689563990384e-02,2.741944331079465558e-02,1.081636857696471887e-01,3.730327453683719707e-02,9.805406173066891218e-02,-9.476053883657069299e-03,3.595428418589066005e-02,7.647091001870912064e-02,3.130514931391042976e-01,2.871571152672554583e-01,1.859833000497649880e-01,6.254108994579899994e-01,3.708347914917055621e-01,3.912702973599671008e-01,8.218828109186319120e-01,4.679197865631519182e-01,5.328826414343261764e-01,1.000000000000000000e+00,5.002155604713929282e-01,5.226799880647540197e-01,8.351413949592297881e-01,5.336295122624532539e-01,3.970532840596215918e-01,6.045875744369143545e-01,3.353208780884786577e-01,3.228895171157680211e-01,3.452038191771031883e-01,2.345608747324005317e-01,1.997718593893908490e-01,2.253980896897886388e-01,2.071576989689459247e-01,1.324741455522061850e-01,8.560029984982027440e-02,9.135792278912613362e-02,5.455790780789065986e-02,7.054276984527910535e-03,-8.048424192799214297e-03,-6.915241785836234722e-02,-5.118839294350342045e-02,-9.775371663982040937e-02,-9.386902205076794181e-02,-1.068040863816793334e-01,-1.239149743827387823e-01,-5.658880565715498911e-02,-1.171973036164141169e-01,-1.075247710604044088e-01,-1.060801687197541893e-01,-9.216940835794362741e-02,-4.498468713097649591e-02,-8.940770218893492882e-02,-5.827769347942442224e-02,-1.220428999382391355e-01,-1.217279609999928347e-01,1.088430174459648764e-02,-2.153269876025591667e-01,-1.935762719191200520e-01,-2.120941228367726472e-01,-1.667741964569789959e-01,-1.665970469430470280e-01,-1.658768100440569659e-01,-1.098600965556979919e-01,-1.336917453462522776e-01,-1.460583225911899104e-02,-2.817360014636835497e-02,-4.509603777722951540e-02,5.913919185171611671e-03,-1.260344222237781177e-02,-8.089334791222854704e-02,2.194631254553040377e-03,4.037515633359972309e-03,1.885225242876725771e-01,1.737078411578261150e-01,1.346736807074546682e-01,2.294344594045489572e-01,1.701216561743508215e-01,3.963607798281720829e-01,3.219303891777530735e-01,2.809391904748882451e-01,3.126689432779868882e-01,3.607240787853833730e-01,6.685572261453507151e-03,-1.438277643266439587e-01,-4.683613698128029357e-02,-2.632011450518992879e-01,-5.412866471376121674e-02
-2.598192793839868356e-02,-1.375231561198694830e-02,3.205331404665501954e-02,-1.196117326438667951e-02,-2.545047023649797679e-02,-2.964725240129920808e-02,-1.101309357994830970e-02,-2.919646390444240007e-03,7.229498838487998652e-03,5.262033101828100107e-02,3.929833391050084612e-02,-1.451049760657223235e-02,7.702848864738587320e-02,9.244955880907572421e-02,5.657289564669682608e-02,9.828147828430819355e-02,6.677956021319317315e-02,7.179715853300418227e-02,6.895570793513093599e-02,1.045166907745388452e-01,2.044554591176336519e-02,4.629084124689348406e-02,8.987376484254651354e-02,2.532924298785609318e-01,2.813980378774637581e-01,1.722253700545293975e-01,4.639759906500247610e-01,4.699505155581086280e-01,2.923833346913602971e-01,5.172884073749957068e-01,8.002135162729719919e-01,3.103266202894142678e-01,5.002155604713929282e-01,1.000000000000000000e+00,5.132393010825174740e-01,3.869535774820188068e-01,7.246451604393593371e-01,3.408339801456759521e-01,3.275970807450573896e-01,5.872095712155362968e-01,4.181467539891399743e-01,2.337186938448975460e-01,4.822629830816831387e-01,3.156026852065867971e-01,2.172340742527022195e-01,3.771495603407766239e-01,1.203745399319955250e-01,1.226368080661254523e-01,1.675713650049874548e-01,8.596437241618701264e-02,8.311416691662038003e-02,4.160380057788442415e-02,3.407795218695043593e-02,3.198448911788449867e-02,-2.702020851110826724e-02,6.353674990214456565e-03,-2.441568729819757616e-02,-8.237402446750617668e-02,2.590279354470417794e-02,-5.915499466205244306e-02,-8.074157536655239553e-03,-7.905672673196313671e-02,-7.274288661609233826e-03,4.269887633110447736e-03,-6.411932030093643597e-02,-3.643771348095856816e-02,-1.214880055367430906e-01,-3.701959324863272199e-02,1.425849861302477643e-02,-1.987019419565209388e-01,-2.680658765640431818e-01,-1.551241507680307941e-01,-1.786593925510042702e-01,-2.350521069017593168e-01,-2.408204150131506571e-01,-2.175532499382201446e-01,-2.175357067648222009e-01,-1.325956608781977408e-01,-1.991290046351970600e-01,-1.509044356070639858e-01,-1.287064331172590448e-01,-1.014897962892183508e-01,-1.137214741509905841e-01,-9.338421657599815795e-02,-2.254677910746997332e-02,1.676588759672834050e-01,1.180335165284302212e-01,1.747122373151644703e-01,1.436496727304335530e-01,-1.242280013407022765e-01,1.227314973684561356e-01,2.206910703754281777e-01,-8.318001280348080728e-02,3.493483031942065664e-01,1.777521537328206891e-01,3.202702333335962770e-01,1.204430162193465340e-02,2.891820401353426551e-01,4.076512002646588001e-02,2.207130057219743868e-01
-2.082021587634231077e-02,-2.332500525108572101e-02,8.961798176506186389e-03,-3.078531578844196162e-02,-5.784482653399427438e-02,-1.015206747901089140e-01,-5.535499550599314728e-02,-3.997202889329840025e-02,-7.896345043926430995e-02,-1.215656445826309578e-02,-3.560436320823702483e-02,-1.074445730880895095e-01,2.975853287728242799e-02,3.806870405650838313e-02,4.387999752471844622e-02,1.580379685282689434e-02,1.117531284283792940e-02,6.891865050903143997e-02,-1.648187706997842825e-02,7.311386320479684731e-02,1.639160426609653385e-03,-2.536537007790574949e-02,4.467751875705403691e-02,1.571649351024299313e-01,1.190690643137027466e-01,1.373107844389030996e-01,3.339826522149322297e-01,2.902488153704051999e-01,4.303471109668802752e-01,3.903985665549213890e-01,5.575160619091039660e-01,7.947017676327908786e-01,5.226799880647540197e-01,5.132393010825174740e-01,1.000000000000000000e+00,4.444924861514523151e-01,4.784033922460052546e-01,7.153341532976021933e-01,4.262310074780245595e-01,3.571213617074392443e-01,5.132250028725096058e-01,2.696631491011214909e-01,2.710679538998987392e-01,3.467511088558818955e-01,1.847503939086264646e-01,2.557639587132355397e-01,1.836752083229536148e-01,9.846022639377817465e-02,1.246824380395588211e-01,1.139899377712613598e-01,3.815966682163516059e-04,2.632041605450679070e-02,3.116802681209995471e-02,-3.008535131525003764e-02,-3.089311813924936617e-02,-6.388839661951035108e-03,-7.386839899417302346e-02,-7.705609354630509056e-02,2.712323277170478053e-02,-1.068896824583879801e-01,-1.018501259943932202e-01,-1.410769665734779854e-01,-9.383589282135916532e-02,-1.130480662558939892e-01,-1.191487672489442706e-01,-1.222964443791517697e-01,-1.719641500809212520e-01,-1.292980627892138246e-01,-8.618449498401384301e-02,-1.974449522424273629e-01,-1.914731809396211515e-01,-1.289619219531378536e-01,-1.750057135210429382e-01,-1.890259684988185029e-01,-1.570167640918695706e-01,-1.255523583098250573e-01,-1.468866225617306842e-01,-1.233147989788378196e-01,-7.388890385793007998e-02,-1.003869451399363039e-01,-8.678860696935293551e-02,-8.867270475210624336e-02,-2.217618332833233910e-02,-6.278502565384720679e-02,8.983145124161026618e-02,3.383797938201050792e-01,2.139499466019583740e-01,1.877986254926589937e-01,3.528798243336901952e-01,2.228666055410965796e-01,1.708160014262186943e-01,4.170280809883499251e-01,1.696958827807029391e-01,3.569895663761850080e-01,8.415500691023208857e-02,6.922039429279526479e-02,-2.779529997814607079e-01,7.784624139026244394e-02,1.079676083946114933e-03,2.411954593734671193e-01
-3.272757300132059927e-02,-3.820281248994776557e-02,-1.394604558667140483e-02,-3.639493141559161510e-02,-6.069444726729487233e-02,-7.632070053716839830e-02,-7.827220323482385334e-02,-4.671195778832885198e-02,-4.732012584592558413e-02,2.521691706160308910e-02,3.766579371813309762e-02,-5.173545262531197703e-02,5.167410822161997569e-02,3.790917805607101759e-02,4.842294760670207837e-02,6.000000684089178138e-02,2.454703962184481489e-02,8.452355186245913421e-02,1.873593509145603242e-02,8.207500337874887308e-02,-2.203724887853210010e-02,3.216943572953805119e-02,5.656361404959674155e-02,2.624599570853004549e-01,2.410615343639185559e-01,1.555763145786268897e-01,5.137714403754580772e-01,3.062430247695077101e-01,3.124063661727144448e-01,6.869298315579481784e-01,3.351528149136536183e-01,4.201472266266693678e-01,8.351413949592297881e-01,3.869535774820188068e-01,4.444924861514523151e-01,1.000000000000000000e+00,5.157285261870886428e-01,3.958196126236577794e-01,6.924624675531052542e-01,3.241662670834192794e-01,2.921814644404530648e-01,3.909781187588320939e-01,2.240760193785063525e-01,1.664294266975955006e-01,2.584064084717078713e-01,1.829830553192632325e-01,1.114320427744448089e-01,9.158802626592812968e-02,7.921587332672880288e-02,3.175779704069205817e-02,1.884968714045694160e-02,-1.848386679132809143e-02,-8.688661063456239175e-02,-5.462260174109075800e-02,-1.135230520115588504e-01,-1.126982210943605761e-01,-9.990941061407070112e-02,-1.376073153239391333e-01,-7.589727161918972953e-02,-1.034009200393899708e-01,-8.558937502100731620e-02,-8.258574771017401783e-02,-6.191195646869331048e-02,-1.707512677252419689e-02,-6.691025197278439862e-02,-1.864795913547845699e-02,-8.371782479609346517e-02,-9.290208095728470783e-02,4.476369453790070285e-02,-1.732323073469708152e-01,-1.545711336327859342e-01,-1.994172095760167185e-01,-1.170310297441727598e-01,-1.258119697350378874e-01,-1.125845295648037758e-01,-5.231451195249299524e-02,-7.472415188073000536e-02,1.940898707285853425e-02,1.629776159776478300e-02,-4.194569334581636257e-03,5.388796033275948527e-02,1.055814606943290129e-02,-4.273842245912448656e-02,2.369410614888006750e-02,1.111642716261139995e-02,1.239261721789712001e-01,1.403407373022608762e-01,7.467683693668754341e-02,1.734498770954187308e-01,1.796374954721154660e-01,3.889136735697575897e-01,2.625218406272781246e-01,3.163731220446638903e-01,2.755351803092203622e-01,3.945703474907051311e-01,-2.744678963558110779e-02,-9.870648988690811088e-02,-1.073569325997933699e-01,-3.274734837192573855e-01,-1.338195012172318787e-01
-2.767334666235078330e-02,-3.195795971041132111e-02,1.839277781919707727e-02,-2.967345410298953545e-02,-5.064293056358710327e-02,-4.483900611945662584e-02,-1.244985174818365355e-02,-3.802362811485561489e-02,1.775842585784927555e-02,4.984840942956984822e-02,4.347581795836272245e-02,1.144436464757590029e-03,6.499175501973124269e-02,6.218006463257847588e-02,5.001774571899390842e-02,5.991120946681777193e-02,2.760907973921209249e-02,8.601713114768926027e-02,5.936206011895280715e-02,1.076123499001568479e-01,3.594841060944913708e-02,4.523240862353539171e-02,8.357398345945711571e-02,2.510085200115505510e-01,3.045488977107381756e-01,1.820828922762857127e-01,4.672121206929186754e-01,4.025216555622186387e-01,2.551766762825908863e-01,5.487362215674338461e-01,6.121547392046159386e-01,2.953293982931838868e-01,5.336295122624532539e-01,7.246451604393593371e-01,4.784033922460052546e-01,5.157285261870886428e-01,1.000000000000000000e+00,4.363323568870133840e-01,4.344990563328257061e-01,6.349128269868603569e-01,4.500454103761752922e-01,3.008455045472350764e-01,4.958616059690413302e-01,3.105238599596426563e-01,2.059889549796371511e-01,3.814788489239155367e-01,7.723065339010513897e-02,1.049813853509567602e-01,1.653762715096719904e-01,2.286280596608144741e-02,6.491274012849866659e-02,2.893708255321728734e-02,-4.822613819137278046e-02,-5.098702281161325220e-03,-8.802712043992064195e-02,-7.656310366968482883e-02,-8.881043417401071616e-02,-1.362423229562625404e-01,-2.439740511896211148e-02,-8.547943998450005521e-02,-5.336976557548561012e-02,-7.510592721686765172e-02,-2.934975525272342720e-02,-2.259377715381416171e-02,-5.365763775001866631e-02,-3.826804246130363629e-02,-1.258270753285272159e-01,-3.731588844505646235e-02,2.152096789809560679e-02,-1.891083109939221130e-01,-2.444442977778522041e-01,-1.649842701240594733e-01,-1.580892133488496776e-01,-2.026582056867619608e-01,-1.909688852096587952e-01,-1.519448347497293073e-01,-1.715389363530200606e-01,-5.477647426319350726e-02,-1.242813981291976538e-01,-9.805182987319216448e-02,-7.096666027126262433e-02,-7.650235846701647358e-02,-7.432808998658960165e-02,-7.931116056171620687e-02,-1.074439555343300809e-02,2.003466947182968583e-01,1.622843809269639836e-01,1.697894408569283475e-01,1.927179076589693729e-01,-2.563870147094227461e-02,2.278995604819235576e-01,2.886173290631383059e-01,4.085189518866032266e-02,3.552292276154638273e-01,2.225016363287266596e-01,2.363411585952185368e-01,-4.171783716603866266e-02,2.231873349647314486e-01,-7.675069316543589593e-02,1.871806335271693211e-01
-1.305930650950048663e-02,-2.172605390220814364e-02,5.418480106607750230e-03,-2.139466532554350903e-02,-7.156461241713170385e-02,-9.614360532635514434e-02,-7.754457769850732485e-02,-3.702603977365973714e-02,-1.017334082513760563e-01,-2.092399647383201208e-02,-5.376559900544078396e-02,-1.100511430979115024e-01,1.355604532478746002e-02,4.056552320601239381e-02,1.398904216740726181e-02,6.315331474698759016e-03,1.392092223914649825e-02,7.415311347189748603e-02,3.174381429821618306e-02,1.007122394996836506e-01,3.647189876835376515e-02,2.631840335535836142e-02,5.391698423154106523e-02,1.658455919395263045e-01,1.195824308071061215e-01,1.804298412347705438e-01,2.460029161753352622e-01,2.635983287202993131e-01,3.502088667896974816e-01,2.769318517166665106e-01,4.430569520127466965e-01,6.189089391228727033e-01,3.970532840596215918e-01,3.408339801456759521e-01,7.153341532976021933e-01,3.958196126236577794e-01,4.363323568870133840e-01,1.000000000000000000e+00,5.140614783305720303e-01,3.563348996256849310e-01,6.616220511640575896e-01,3.520614124156349889e-01,2.703983862764385293e-01,3.765842010068414791e-01,2.246951198411147876e-01,2.498085555614355802e-01,1.950999411535619121e-01,1.126236272223542501e-01,1.394640480388178172e-01,1.009915486668286344e-01,1.846379627569122960e-03,4.443901040849362188e-02,-8.658045572821147784e-03,-1.292204974026407889e-02,-1.907890899275773225e-02,-5.257439701976079210e-02,-7.781730487368657134e-02,-8.543428441459496869e-02,-2.754529450919713379e-02,-1.250540838279528832e-01,-1.392787813998481172e-01,-1.612221175107945159e-01,-8.692474860258256331e-02,-1.281473108122834770e-01,-8.970564570819368477e-02,-1.116438878066842860e-01,-1.435847370327630601e-01,-1.113812169839622918e-01,-5.720005846562692398e-02,-1.618435228616559307e-01,-1.315185184938668927e-01,-1.083146822004070614e-01,-1.382559484923946425e-01,-1.418625583753245489e-01,-1.261259331587094856e-01,-9.927268546469697474e-02,-9.636505354943233903e-02,-1.220676879591425096e-01,-5.779702859568996293e-02,-6.577705858193889921e-02,-5.716065026157830103e-02,-5.992122784325942808e-02,-1.173835733482716734e-02,-9.637520763207629848e-02,1.197197024843372204e-01,3.070886005161623800e-01,2.394152899017233105e-01,1.694155907675730932e-01,3.249648616390433675e-01,2.183106848560255886e-01,1.162712841983192247e-01,3.608664757323419292e-01,1.890357640099088188e-01,2.927967662063292176e-01,6.931154619342309864e-02,-1.866250676117125334e-02,-3.203323850342288392e-01,-3.695977823304242302e-04,-2.056940417177627615e-04,2.096678897187016499e-01
-3.377833049765904729e-03,-1.347750998786824937e-03,-6.862316661169152445e-04,-1.462920403544129555e-02,-4.638816875746647889e-02,-6.044208172009466612e-02,-7.140532775829050438e-02,-2.268591612003504135e-02,-4.977506648647488097e-02,3.590128491938712144e-03,4.242408496563850398e-03,-5.908263590159445328e-02,3.568812585985688818e-02,2.393587144622264309e-02,-3.081547324306023895e-03,4.119867879806116129e-02,-6.739732152647504027e-03,4.950906839328903658e-02,3.684325862628055805e-03,2.590778115902311537e-02,-9.760915570371158506e-03,2.341798637839959812e-02,-1.444567594727218327e-03,1.899452067089882068e-01,1.700698110228601456e-01,1.207124915889722788e-01,3.639489493284245869e-01,2.910411461108018960e-01,2.397135019692021030e-01,4.850172522840831002e-01,3.298954449574827419e-01,3.963614032341643556e-01,6.045875744369143545e-01,3.275970807450573896e-01,4.262310074780245595e-01,6.924624675531052542e-01,4.344990563328257061e-01,5.140614783305720303e-01,1.000000000000000000e+00,4.572183115222605565e-01,4.130672761379277080e-01,6.153222931414871200e-01,3.463407958244422158e-01,2.234851848669237306e-01,3.745706854495094995e-01,2.915541743741739689e-01,1.354761310952641851e-01,1.550425495047977054e-01,8.234589427896669978e-02,6.380172888992861890e-02,2.928562768109057093e-02,-4.584157136416987938e-02,-8.981329749172828336e-02,-6.965007315082463735e-02,-1.522824074984602816e-01,-1.454122406568096604e-01,-1.527352663066472716e-01,-1.855632709182782614e-01,-1.082937694264275857e-01,-1.454799319950352554e-01,-9.458419538667359183e-02,-1.280951583964383134e-01,-4.928317180053157220e-02,-4.639579732218187397e-02,-7.407500501087077582e-02,-2.142058450408707709e-02,-1.080755665808966759e-01,-9.417596361651567327e-02,2.398973995150990163e-02,-1.861989878725875402e-01,-1.666293482227848011e-01,-1.926928260184848085e-01,-1.570280324513738390e-01,-1.366240869213133924e-01,-1.543886934276615663e-01,-7.473618859334324460e-02,-9.274223672178084910e-02,-2.631444499087149877e-02,-8.248681139651195884e-03,-3.805030483791608381e-02,-1.354937078425083076e-02,-2.289588912630626666e-02,-2.358964397459373599e-02,1.637610201438618324e-02,3.911432798627258872e-02,1.334612077120697626e-01,1.418348010704034157e-01,2.911992715560213565e-02,1.918340992705609427e-01,1.472466570849510492e-01,3.139440341031069504e-01,2.508531595666429470e-01,2.649211368626759322e-01,2.320947245832941375e-01,2.870232874649214505e-01,-6.585172134637704011e-02,-1.733558104478168660e-01,-9.535269324512887779e-02,-2.886068559960230928e-01,-4.464280537725393017e-02
-3.165947370236618652e-02,4.018748655403645356e-03,6.478979204111263372e-05,-3.133954309328246951e-02,-8.196678207288730228e-03,-1.496483183697160275e-02,-2.186978264497920280e-02,7.249107449857141415e-03,9.253977090016119594e-03,4.949095082222586088e-03,7.596874294049101679e-04,-4.379501493540256460e-03,1.236359122790570272e-03,4.798607006907165684e-03,-5.865320804061299742e-02,2.003990712342871433e-02,-4.472915363188520975e-03,-2.763922031264482576e-02,1.852050264850214553e-02,2.534943196722536790e-02,2.803805161644289893e-03,1.418827617152556772e-02,-4.846868351148513748e-03,1.614241376288461649e-01,1.788015396478456198e-01,1.070435647525983941e-01,2.975329107579797738e-01,3.182833032951826180e-01,1.947137700214468803e-01,3.600479463349279263e-01,4.545902542078494868e-01,2.072209067077888933e-01,3.353208780884786577e-01,5.872095712155362968e-01,3.571213617074392443e-01,3.241662670834192794e-01,6.349128269868603569e-01,3.563348996256849310e-01,4.572183115222605565e-01,1.000000000000000000e+00,5.182791569004359111e-01,4.143908608661880932e-01,7.379176992659384204e-01,3.653931733230742496e-01,3.283241419033247066e-01,5.197172355151878920e-01,9.769523714992431329e-02,1.310526486498020671e-01,1.955472729500628282e-01,4.310360213352201764e-02,6.395983795524799731e-02,3.186897254383771333e-02,-5.201002165447945330e-02,-1.879726791739562766e-02,-3.742335189970732306e-02,-9.056294000623818508e-02,-2.936324359343334134e-02,-8.574072603764179568e-02,-4.956815968110743487e-02,-1.271566692450534948e-02,4.831630494971714956e-02,-2.484594553227469776e-02,7.476515548082751650e-02,4.137817048750450089e-02,2.925805392022347816e-03,4.260483387768872199e-02,-5.831792212594993224e-02,4.309461715118516334e-02,9.442577191917732315e-02,-1.262449870610939384e-01,-1.787397013306054050e-01,-1.324134034249930258e-01,-8.864525472089226921e-02,-1.376845705240538342e-01,-1.456455060179574212e-01,-1.101917749358498899e-01,-1.062087366474851746e-01,-2.259941419779150709e-02,-6.346210551765922581e-02,-3.522642145144055936e-02,-3.396440020716263303e-02,-4.896897922049837232e-02,-3.327778471991077458e-02,-5.352899229239845708e-02,-1.049085722306907775e-01,3.781218644286066244e-02,1.149623460417288079e-01,8.793245642918381955e-02,1.490300926899729844e-02,-1.547140548492948464e-01,8.906227585583720296e-02,1.115119709937882758e-01,-4.428331067832207840e-02,2.425032505022979290e-01,1.838971831225735543e-01,1.663853388310435888e-01,-1.649798488219907100e-02,1.377096628600412431e-01,-8.934977062409268922e-02,1.135667511329592066e-01
-1.122144267003848811e-02,-1.020824539873702724e-02,-6.775438300878552055e-03,-1.628532045865012032e-02,-3.832494981583646487e-02,-6.340674024358915195e-02,-4.679307839423078180e-02,-1.077489472689376060e-02,-5.606122918532196325e-02,-1.703688714034086449e-02,-4.241124573081421489e-02,-7.529937045824067199e-02,5.705273067420877330e-03,3.659090365130924366e-02,2.303270141784855354e-02,1.109057986025800517e-02,5.192750874355638036e-02,3.422006225760248349e-02,1.326564390057028212e-02,7.020434085875500163e-02,1.022387615884090203e-02,2.339116621114215640e-03,3.375428276888237100e-02,1.718143503146954965e-01,1.594747011202243270e-01,1.761871504178162962e-01,2.486257788435645155e-01,2.800939261453812557e-01,2.491074718795341092e-01,2.773397337428490927e-01,4.553590151886766080e-01,4.232133669053698699e-01,3.228895171157680211e-01,4.181467539891399743e-01,5.132250028725096058e-01,2.921814644404530648e-01,4.500454103761752922e-01,6.616220511640575896e-01,4.130672761379277080e-01,5.182791569004359111e-01,1.000000000000000000e+00,5.034233669233655339e-01,4.729047865496991965e-01,6.306872672084766762e-01,3.685821748997488712e-01,4.118113531504778990e-01,3.347253243066634631e-01,2.033942292375791883e-01,2.129264086023602842e-01,2.054690221123818827e-01,5.975265763750566006e-02,6.424241839789304742e-02,6.367445546494404640e-02,2.112742393488352063e-02,4.940009709982665087e-03,1.888500018428157859e-02,-1.216863312877051670e-02,-4.481214033341011233e-02,2.911892471642657174e-02,-5.201591827511998362e-02,-5.295748588912282950e-02,-8.236579115216369207e-02,2.018361399568040573e-02,-3.488033332316085172e-02,-7.224984687772339348e-03,-1.825028870782747364e-02,-1.178934628933016732e-01,-5.317917330963594334e-03,2.164957073620481925e-02,-1.415020725660856848e-01,-1.317941777643705237e-01,-8.876006697143594415e-02,-1.124313424347209017e-01,-1.332262577560802408e-01,-1.228511425141299712e-01,-1.188542190140969568e-01,-8.294859624558370559e-02,-1.147652818640248623e-01,-7.368285047554090639e-02,-8.406789251537652441e-02,-6.505829568878883362e-02,-9.918670425296996496e-02,-4.097502754590905821e-02,-1.345113037913899801e-01,6.150007045931549926e-02,2.565669106236185826e-01,1.570552475894225197e-01,1.227292069933445112e-01,2.643329243949158469e-01,1.011879531823903361e-01,1.036122308540337184e-01,3.081182356249770882e-01,1.148072623501410205e-01,3.041667411910332075e-01,7.185821129373365368e-02,5.567886847445651516e-02,-1.942121378937042286e-01,7.759325067119123009e-02,2.312128377995355255e-02,2.155139264191223980e-01
-1.797806961201905279e-02,-1.558974491952388672e-02,-6.154430662459008800e-02,-4.168721198621220397e-02,-4.618112236330194215e-02,-5.275484289189813492e-02,-5.357778448141081035e-02,-4.082012215791512577e-02,-4.092520297837277249e-02,-1.979299853234537526e-02,-1.229482983623483329e-02,-4.763651453504273714e-02,-1.521555655746308078e-02,-9.491886318236534073e-03,-5.756595529123802873e-02,1.205222108609166516e-03,-7.871628477817749214e-03,-2.743935680930114848e-02,-3.383252526548036210e-02,-1.642213200594386247e-02,-5.092523974115816671e-02,-2.137288016923362052e-02,-4.306334341514699016e-02,1.261523152066995335e-01,7.763425972974323519e-02,7.738399125820184798e-02,1.938625103045370224e-01,1.929736310164159308e-01,1.412688707531976062e-01,2.844399067387084479e-01,2.215903996594025260e-01,2.538511440531321939e-01,3.452038191771031883e-01,2.337186938448975460e-01,2.696631491011214909e-01,3.909781187588320939e-01,3.008455045472350764e-01,3.520614124156349889e-01,6.153222931414871200e-01,4.143908608661880932e-01,5.034233669233655339e-01,1.000000000000000000e+00,4.916987360397233053e-01,3.409655217790185655e-01,6.650003574622793678e-01,4.336077789885062206e-01,2.664183102592527219e-01,3.739745397340057398e-01,1.927665202511115727e-01,1.944568489650380927e-01,1.803025936775779769e-01,4.534395059777761305e-02,1.207881900927942724e-02,4.685294339560079624e-02,-8.056193582130038999e-02,-6.946734581988235624e-02,-5.556379765585844205e-02,-1.252567776729966720e-01,-5.409601181795671565e-02,-5.915427057768318786e-02,-4.366469951828168793e-03,-6.734425266459134751e-02,6.391244953730314260e-02,1.212175661399954481e-02,1.572569057782037538e-02,8.159785189555165963e-02,-7.083382700220818007e-02,1.065888872479247261e-02,8.850493364976423638e-02,-1.259297320574436219e-01,-1.092666117895769312e-01,-1.156141974785084570e-01,-8.017544964707007393e-02,-9.839159877880170046e-02,-1.009615175305207391e-01,-6.786113674732389967e-02,-4.098845759030159130e-02,-3.030522934164088869e-02,-4.317891188850959093e-03,-4.013353254199084758e-02,1.923680321494166540e-02,-2.663344170807325703e-02,-1.203976526522409531e-02,-3.331420211614546933e-02,-3.206860954275456838e-02,9.900355738215893542e-02,5.982810044873371202e-02,-9.145920641132766760e-03,1.315196823526725844e-01,7.013648244991335656e-02,2.081508693645040264e-01,1.943242830639531904e-01,2.011529720298754764e-01,1.974195009361970898e-01,2.198511545634294906e-01,-6.616491973236622581e-02,-1.356227331362735711e-01,-8.723577864645370994e-02,-2.324458382681669766e-01,8.363330658444061844e-04
-4.022835934867840385e-02,-1.021167375398916201e-02,-1.832035497552297887e-02,-4.613411599358990117e-02,-4.306565853480110416e-03,2.073731704332554184e-03,-2.458965285348670062e-03,-4.573244204677079719e-03,2.664973050750428160e-02,1.958539636110755242e-03,-1.089252594103363265e-03,6.401708523236431490e-03,-1.300128662672294863e-02,1.056732229361909137e-03,-7.229249710027953191e-02,1.372973073353450646e-02,-1.416380822692593112e-02,-5.143584262482797653e-02,6.118887874565884927e-03,5.075582336803005981e-03,-1.369688079910636944e-02,-6.293131808886604384e-04,-1.874827101245614067e-02,1.303308841334861745e-01,1.139556211607884451e-01,6.799491317417689917e-02,2.350979014363835939e-01,2.555067422875186289e-01,1.591447634846611392e-01,2.776218836469788731e-01,3.684617764862289646e-01,1.386683403478431165e-01,2.345608747324005317e-01,4.822629830816831387e-01,2.710679538998987392e-01,2.240760193785063525e-01,4.958616059690413302e-01,2.703983862764385293e-01,3.463407958244422158e-01,7.379176992659384204e-01,4.729047865496991965e-01,4.916987360397233053e-01,1.000000000000000000e+00,5.170153184109205213e-01,4.926759269162254706e-01,7.225071094682194994e-01,1.828791774923897162e-01,2.648812041178361665e-01,3.369433517715593185e-01,1.446194953095823743e-01,1.807720446757430655e-01,1.236973718145145257e-01,1.080478465927598060e-02,6.796230124422554530e-02,2.778691373223154005e-03,-5.137970686174286178e-02,1.613375049351560217e-02,-5.850733187487675707e-02,-2.823225388481929651e-02,-1.663240978176097271e-02,6.462126807686033314e-02,-2.355900852444800520e-02,1.093863646672281614e-01,4.674845248596935787e-02,1.909815029856073293e-02,8.078509031244228422e-02,-4.964360559668714451e-02,5.784321084081434777e-02,1.147020151050679726e-01,-1.093559769043914720e-01,-1.523338154538914635e-01,-9.710662680419505921e-02,-6.438666215392399583e-02,-1.318086444641679289e-01,-1.370212380945732555e-01,-1.441859652277596715e-01,-1.012800591555014645e-01,-1.564387174136871311e-02,-9.353539315881113925e-02,-6.100851929251652206e-02,-6.050292505358417783e-02,-3.291701961194225257e-02,-3.359793101665351639e-02,-7.978646831327491917e-02,-1.022419955974801647e-01,-9.552384478984890515e-03,5.350821290055335355e-02,2.915847425628463954e-02,-1.419119300534026594e-02,-1.849486786344984590e-01,1.879627630105235037e-02,6.170071778855980987e-02,-6.883986086472805577e-02,1.652020099196032099e-01,1.248711060036136328e-01,1.221245192896161652e-01,3.088071303120129563e-02,1.043370133650758924e-01,-3.973362569727012517e-02,1.014968494238977781e-01
-2.097176509942338431e-03,1.027587116567848374e-02,-1.502203829537376682e-02,-2.312041451650827337e-03,-3.353408128059160928e-03,1.287972712795962607e-02,2.135862485822342515e-03,5.958034685637537270e-03,1.627050987923718897e-02,-1.563808479658542958e-02,-3.348571367409256677e-02,-7.651757078225122910e-03,-4.880204772374970718e-02,-1.740878735868896243e-02,-6.012208049492399897e-02,-3.272701642007138506e-02,-1.462678581107974655e-02,-3.085481878324585273e-02,-4.784772880870242356e-02,-2.673624205423160132e-03,-4.582382624917505365e-02,-5.149756540060915211e-02,-3.491257931631470274e-02,4.593490654361435943e-02,6.736732398894326734e-02,4.537126323634454311e-02,1.448752110784073399e-01,1.613055334031561483e-01,1.565649047060690413e-01,1.910484759737441085e-01,3.003381506233906983e-01,2.632269502651315984e-01,1.997718593893908490e-01,3.156026852065867971e-01,3.467511088558818955e-01,1.664294266975955006e-01,3.105238599596426563e-01,3.765842010068414791e-01,2.234851848669237306e-01,3.653931733230742496e-01,6.306872672084766762e-01,3.409655217790185655e-01,5.170153184109205213e-01,1.000000000000000000e+00,4.950015909165435546e-01,5.912769366749321964e-01,6.039388327265968748e-01,3.478870468304272046e-01,3.883477250965610139e-01,4.073581960076373409e-01,1.536536090411836641e-01,1.700545581755544267e-01,1.936096020717652244e-01,9.848440821100354348e-02,6.971700176980326347e-02,8.100702937420822813e-02,2.026347538769149303e-02,1.220661702950508881e-02,4.808907699422980409e-02,-4.479205821476126004e-02,-4.737472514867504397e-02,-6.237101403220172979e-02,1.993666163335022432e-02,-5.130599698849624274e-02,7.938130158053698440e-03,1.489594398806734846e-02,-1.228413371377418267e-01,-6.759448536719790505e-03,2.126863306606388906e-02,-1.517755450269954176e-01,-1.304249058234838721e-01,-6.218476156056584880e-02,-1.072329870293269177e-01,-1.291552406007602238e-01,-1.120896014356537324e-01,-1.401562669627014479e-01,-8.015351008197869886e-02,-1.066181971190142685e-01,-1.008832441463187179e-01,-8.746765984624242651e-02,-5.702139756114386199e-02,-5.876654208375567401e-02,-5.603071285857104400e-02,-1.188474368185652857e-01,-5.830901998320183128e-04,1.155663787873637827e-01,4.215277365675054733e-02,3.541074360666444931e-02,1.410287115624722920e-01,6.902671102049274393e-03,5.225732629458183093e-02,1.753294417132058303e-01,4.635284622741139837e-02,2.079474305419098945e-01,4.871737133304720330e-02,5.132728712892660472e-02,-7.121927688396018086e-02,6.452044614318810933e-02,4.737304636503793243e-02,1.742639860839096666e-01
-3.557128617323015302e-02,-3.188519177531198151e-02,-5.730303923691133783e-02,-3.220099129678979932e-02,-3.744356996455732584e-02,-7.216711447513901589e-02,-4.738522490497980993e-02,-2.039961650191986914e-02,-6.409661005638202236e-02,-2.933281780376488165e-02,-3.914517724548870203e-02,-5.876688643276914426e-02,-3.769499487294045853e-02,9.012026301740453174e-03,-7.696418707170171736e-02,4.010810872405270490e-03,-2.851005097901040345e-03,-3.662224194983649400e-02,-2.336686989245994467e-02,-1.633169428965191780e-02,-4.414292732589938234e-02,-1.766643429275393043e-02,-5.438947006366060682e-02,8.416412371358969469e-02,3.169725225127799362e-02,5.351742796001269370e-02,1.347926371123638056e-01,1.555313523039581480e-01,1.506472206875517084e-01,1.951899914405479108e-01,1.682908736355094026e-01,1.746905802753444259e-01,2.253980896897886388e-01,2.172340742527022195e-01,1.847503939086264646e-01,2.584064084717078713e-01,2.059889549796371511e-01,2.246951198411147876e-01,3.745706854495094995e-01,3.283241419033247066e-01,3.685821748997488712e-01,6.650003574622793678e-01,4.926759269162254706e-01,4.950015909165435546e-01,1.000000000000000000e+00,5.565393644065823597e-01,4.915779411182646941e-01,6.093208677123784778e-01,3.050129572221297880e-01,4.074881600644121304e-01,3.376232196514188377e-01,1.268605518845324076e-01,1.818535535304126871e-01,1.616174419980568600e-01,-2.131127919012511251e-02,6.776689348400593768e-03,2.210185298358000039e-02,-7.599620860732095307e-02,7.296927185460829780e-03,-4.379029482533236539e-02,1.154750282033535809e-02,-6.929339674085294165e-02,7.960484571990604497e-02,5.740870524723083040e-03,6.317304245151680354e-03,1.069363833555763976e-01,-5.362986225714564542e-02,2.756430757947203256e-02,1.218338786493144282e-01,-1.007390993212982366e-01,-9.384689594852546612e-02,-8.470531613023112028e-02,-2.876429361060278342e-02,-9.246169243227472800e-02,-8.248273304309616805e-02,-7.559893435616422963e-02,-3.961155345426657648e-02,-5.024268908199967798e-02,-7.087766063556134866e-02,-5.889281396650893063e-02,3.484026075394951009e-03,-3.851104997259869461e-02,-2.430536695633496794e-02,-4.201490006438816927e-02,-6.014359392586197950e-02,-9.154590323686517470e-03,-7.469851050000126010e-03,-2.238132812984338499e-02,2.665702241764099714e-02,-6.844310650855154644e-03,9.629686071400336833e-02,9.108259332804660713e-02,9.302074294818585276e-02,1.165161482970630269e-01,1.666432150648882171e-01,-2.944997146470060279e-02,-3.874848633407007581e-02,-5.275683235360479478e-02,-1.319493738590258591e-01,1.033891977897292329e-03
-1.137252429105756538e-02,2.047552148158165650e-02,-7.888099851136117294e-03,-1.547325767293766460e-02,8.589750433320041470e-03,1.943668640460394573e-02,-6.226951439955055560e-03,1.522268296160127210e-02,3.102061814078189289e-02,1.840790110934268156e-02,-1.401648330214947530e-02,1.452272496691587277e-02,-8.940568078139386754e-03,9.167601627344604265e-04,-5.787982098693883470e-02,7.642736862721811325e-03,-1.161310067459023210e-02,-4.589991115016513190e-02,4.282133700794389132e-03,2.741248598209298452e-03,-2.058530268957736026e-02,6.845287259903016022e-03,-1.803046202396774156e-02,1.321317912538426675e-01,9.154875886558186404e-02,9.329227276846105421e-02,2.136079501818066162e-01,2.243279471114058565e-01,2.162160593304879308e-01,2.461574066882605827e-01,3.023285321331704023e-01,1.567404112261269744e-01,2.071576989689459247e-01,3.771495603407766239e-01,2.557639587132355397e-01,1.829830553192632325e-01,3.814788489239155367e-01,2.498085555614355802e-01,2.915541743741739689e-01,5.197172355151878920e-01,4.118113531504778990e-01,4.336077789885062206e-01,7.225071094682194994e-01,5.912769366749321964e-01,5.565393644065823597e-01,1.000000000000000000e+00,4.511204798373644742e-01,4.209607052073081612e-01,5.692812707079389911e-01,3.689121868772542445e-01,3.268066574615944853e-01,3.147971460945013233e-01,1.574448372377538208e-01,2.166098459000917742e-01,1.016872726143752820e-01,3.134953779428068660e-02,5.634916440133953125e-02,-1.002836872019769766e-02,-7.876407080822057580e-03,-4.817264015489829132e-02,2.262624834347379027e-04,-6.936984556158624915e-02,4.683999191718860033e-02,-2.572231488333225069e-02,-1.731682181083534638e-02,4.530295396338359509e-02,-9.479064896251450378e-02,1.100636499646917218e-02,7.690400947518082064e-02,-1.368578008493565312e-01,-1.468897351175637855e-01,-8.186770912784600840e-02,-7.783855217696586393e-02,-1.161604952230813753e-01,-1.000616915259322226e-01,-1.192116037368042974e-01,-6.184347271663204887e-02,-1.620117601571024329e-02,-9.521506322301330483e-02,-7.098060753101319287e-02,-7.310279802223823564e-02,-2.161425637131344363e-02,-4.772285556792786598e-02,-9.017110356722245201e-02,-8.563308084011164723e-02,2.786234408873720231e-02,3.829114851677821452e-02,3.877337210974256265e-02,3.052103673139121981e-02,-1.067579478338642335e-01,3.000151850199897843e-02,8.498690694058946837e-02,-1.669894173846222726e-02,1.522872101789858879e-01,9.975805690897662781e-02,6.178975394389571441e-02,8.139515474648284163e-03,5.763501938988759010e-02,-2.242851961700018798e-02,9.994677601044810178e-02
8.258843213523336252e-03,2.283187949504459843e-02,-2.718407841865387586e-02,1.715379865465440842e-02,1.543721983176709646e-02,-1.580824055603475067e-02,-2.554078792144880844e-02,3.369658429813827960e-02,-3.625662403362464592e-02,-8.932166047473110576e-03,-9.165298812685430951e-02,-4.745665846378016584e-02,-5.215378492479706696e-02,2.277655849889628076e-02,-4.373456364240232985e-02,-3.208537123293794813e-02,2.494882792429026913e-02,-3.441586105060159134e-02,-1.517613310956756646e-02,2.442070755636400678e-02,-3.563991952372932981e-02,1.500549095897150617e-02,-6.033515034591366809e-03,7.453760599517171570e-02,3.570226821904403519e-02,9.281829767277845200e-02,8.916175634010697904e-02,1.345879896684492594e-01,1.926516256647419767e-01,1.060322030857958342e-01,1.433859016524840768e-01,1.927216451158262345e-01,1.324741455522061850e-01,1.203745399319955250e-01,1.836752083229536148e-01,1.114320427744448089e-01,7.723065339010513897e-02,1.950999411535619121e-01,1.354761310952641851e-01,9.769523714992431329e-02,3.347253243066634631e-01,2.664183102592527219e-01,1.828791774923897162e-01,6.039388327265968748e-01,4.915779411182646941e-01,4.511204798373644742e-01,1.000000000000000000e+00,5.354525118323870680e-01,5.142395871940108609e-01,7.261651530408976818e-01,2.447960039672233690e-01,3.170317315362485844e-01,4.167855661907627907e-01,2.060123456782391449e-01,2.120966227240841384e-01,2.035613591129168121e-01,5.209888267341629409e-02,1.103148083929751250e-01,9.090626035430324214e-02,-6.915776048308985846e-02,-8.935821392187028034e-02,-1.065817710776491289e-01,-6.368547005681365891e-02,-9.152368557136232596e-02,-6.610682771091314081e-02,-1.680215960969446212e-02,-1.142498704300684009e-01,-4.375432449793242862e-02,7.837083358327057159e-03,-1.094635754307308750e-01,-9.170318051142205273e-02,-3.417511651971048836e-02,-5.417917801950270645e-02,-8.196877345946179672e-02,-7.560238654459265628e-02,-1.069808287486589821e-01,-3.445931086429387946e-02,-6.907134656349990520e-02,-8.511338930755338317e-02,-7.630094865142043881e-02,-3.087032837887765391e-02,-1.356094514734304838e-03,-5.320016824222308094e-02,-4.779275954703481044e-02,2.078090280500001299e-05,2.524111821434679714e-02,7.805167691197646002e-03,1.367319536513546784e-02,6.985192294500432164e-02,4.315783858873319112e-02,3.132404421006512035e-02,9.454018254623221262e-02,9.644000630261452545e-02,7.759081435200461396e-02,2.875674007631832604e-02,-3.209814989622732789e-02,-2.408010486156466831e-02,-3.982345307166427345e-02,1.722112006904252812e-02,5.810430401657501465e-02
-7.969350568762627318e-03,3.357465035982698607e-03,-3.536141894433542099e-02,-2.298192293434136654e-02,9.151944279606339511e-05,-2.960731488246197071e-02,-1.639902140749485357e-02,2.114655355486045121e-02,-2.883009342829507063e-02,-2.476264163534160762e-02,-5.313755735029416366e-02,-2.192907279381694011e-02,-6.015297192980057633e-02,3.613130590544195997e-02,-5.722201384032234162e-02,-3.080505159584018618e-03,1.453672071376444982e-02,-3.510974499001612986e-02,-7.472217380955140445e-03,2.173367563623166548e-02,-2.195465972220165055e-02,8.807329049083189795e-03,3.414538055962733961e-03,9.248985287135723377e-02,1.632281591280735841e-02,7.485378490167397814e-02,1.011659578767348383e-01,1.239715018600326402e-01,2.027282751411361439e-01,1.019362356737201908e-01,1.081965313918933497e-01,7.838883109381812597e-02,8.560029984982027440e-02,1.226368080661254523e-01,9.846022639377817465e-02,9.158802626592812968e-02,1.049813853509567602e-01,1.126236272223542501e-01,1.550425495047977054e-01,1.310526486498020671e-01,2.033942292375791883e-01,3.739745397340057398e-01,2.648812041178361665e-01,3.478870468304272046e-01,6.093208677123784778e-01,4.209607052073081612e-01,5.354525118323870680e-01,1.000000000000000000e+00,5.002602521726492446e-01,5.809054189895420661e-01,6.635199377025803313e-01,3.355307682550079384e-01,3.961989698034027452e-01,4.272075633673023121e-01,8.603273223500480793e-02,1.640311229932628623e-01,1.445375592137023157e-01,2.045617443637841662e-02,8.357991619230284441e-02,-3.790056548621185961e-02,-3.465915928235432930e-02,-9.706798379817922762e-02,-1.160487832171939841e-02,-5.263995062948212400e-02,-5.286991107932949990e-02,2.527813373706991329e-02,-9.778489444693937160e-02,-1.201508527973774295e-03,3.648980774434711083e-02,-1.134988637357286362e-01,-1.144493924352891351e-01,-8.107578682725710695e-02,-4.854902861778316592e-02,-1.124495037828255189e-01,-9.199244255227749523e-02,-1.162604008896365448e-01,-6.801133981162335584e-02,-4.603347427627745014e-02,-1.413414218158947910e-01,-1.331461594179192964e-01,-6.237543231066592503e-02,-6.305920638167039627e-02,-7.199512604193085419e-02,-4.420023091855503072e-02,-6.926207728514777173e-02,-1.348863569249812364e-02,-3.993043194868835938e-02,1.771850506721346988e-02,-5.343191917683786339e-03,-4.474275649754595047e-02,-5.826001486425075489e-04,3.080436868758845356e-02,4.655363582047956743e-03,6.929397708859849625e-02,7.365307868784644330e-02,2.315469612258076737e-02,1.042340270636542146e-03,1.566540940326819134e-02,-7.432140847675190731e-03,3.253541186591429879e-02
1.331909948503661074e-02,3.619109623059062197e-02,-5.741530143134612567e-03,1.134060053996513787e-02,3.828128055368157368e-02,3.743026124028380613e-02,1.557854522838301829e-02,3.402419975658002582e-02,3.239337612141479639e-02,-3.086988441085499434e-03,-1.672659946131259401e-02,1.646088264373154336e-02,-3.499104674309352903e-02,-6.245560130538153031e-03,-5.282006351213704154e-02,-1.576423537905301611e-02,-1.166303039934395462e-03,-6.210024128795441772e-02,1.982443280057222257e-02,2.198894153636614737e-02,-9.583159549098843599e-03,3.023017085906194723e-02,5.525678749202814384e-03,9.661037942945316370e-02,3.785708632284406211e-02,6.816597170585665666e-02,1.307715680178790640e-01,1.487773708850964882e-01,2.051953936935499712e-01,1.217501720353976885e-01,1.482376216575247707e-01,9.468026423967351723e-02,9.135792278912613362e-02,1.675713650049874548e-01,1.246824380395588211e-01,7.921587332672880288e-02,1.653762715096719904e-01,1.394640480388178172e-01,8.234589427896669978e-02,1.955472729500628282e-01,2.129264086023602842e-01,1.927665202511115727e-01,3.369433517715593185e-01,3.883477250965610139e-01,3.050129572221297880e-01,5.692812707079389911e-01,5.142395871940108609e-01,5.002602521726492446e-01,1.000000000000000000e+00,5.601512936634849282e-01,5.215738356005240606e-01,7.068306376084677600e-01,3.455905379685172973e-01,4.782877529808736150e-01,3.663748096682028499e-01,2.023234224545515936e-01,2.317660978465704569e-01,2.003217663144507277e-01,9.366647318207928230e-02,1.837823240362940896e-02,-2.556059814326063634e-02,-6.593336849585464121e-02,-1.343090614509706918e-02,-5.921029858458199541e-02,-8.173301532307139516e-02,-1.250099420104087977e-02,-1.227216932648601405e-01,-4.920564145810580464e-02,2.716340195975004701e-02,-1.257610185479174358e-01,-1.148791386791818830e-01,-8.285675493816231640e-02,-4.669899785425789263e-02,-1.079102337301780928e-01,-5.540789981451963581e-02,-1.034017877149803477e-01,-2.754700951860010461e-02,9.137748278420371184e-03,-9.099081519428406373e-02,-5.309330885368844510e-02,-3.738607991086897314e-02,1.126188086918874544e-02,-5.236190547560393843e-02,-5.661949623301619494e-02,-5.034669319779692953e-02,-2.011914869122971572e-02,-6.983802452938936249e-03,1.868630309040885534e-02,-2.407114997397734671e-02,-6.240558713038434069e-02,-4.906050158300930691e-02,3.141050760232509675e-02,1.129244113679364440e-02,3.147352452800442763e-02,1.114695067535582604e-02,-1.260504872765928937e-02,3.116761574847671384e-02,-6.037466796566519356e-03,2.346289326682394344e-02,3.710776668899992692e-02
2.605954454011196256e-02,5.326626186875502850e-02,-7.076046656764893236e-03,3.396820496439779263e-02,4.348018423107382485e-02,-1.082943720484560307e-02,-1.236337041108333083e-02,6.295267768766513172e-02,-2.350424368450766688e-02,-6.564537682964086823e-03,-8.336197412979488852e-02,-3.065845453305297494e-02,-5.286941686859822354e-02,3.700336847517152195e-02,-4.851215414354814737e-02,-4.694425192608819852e-03,2.555903044925214584e-02,-6.514827514084542415e-02,-6.530662017382731117e-03,1.762487558181096911e-02,-1.478044157104233154e-02,2.616891781940478001e-02,-1.594759973722220973e-03,7.772386132112750479e-02,1.529509016302040524e-02,9.338924091857490895e-02,6.905488544591040223e-02,1.275112326573740740e-01,2.290685470012640002e-01,4.626816022690379698e-02,1.048704286770118510e-01,1.266916071447845571e-01,5.455790780789065986e-02,8.596437241618701264e-02,1.139899377712613598e-01,3.175779704069205817e-02,2.286280596608144741e-02,1.009915486668286344e-01,6.380172888992861890e-02,4.310360213352201764e-02,2.054690221123818827e-01,1.944568489650380927e-01,1.446194953095823743e-01,4.073581960076373409e-01,4.074881600644121304e-01,3.689121868772542445e-01,7.261651530408976818e-01,5.809054189895420661e-01,5.601512936634849282e-01,1.000000000000000000e+00,4.878809365215561744e-01,4.453449328639158544e-01,6.574870835190768092e-01,4.159731424359059959e-01,3.423043481411753297e-01,3.788888457552948563e-01,1.861941250990251373e-01,2.173359176970512119e-01,2.000562274792234696e-01,-2.586520251750532018e-02,-6.174421738904341261e-02,-7.842935918006302409e-02,-4.851514430557749696e-02,-7.449392036613367019e-02,-7.556658903052597409e-02,-1.168840233076019058e-02,-7.986124255871980548e-02,-3.411711871299738519e-02,-1.275012313374978591e-03,-6.318760395591582757e-02,-7.774234479276401211e-02,-4.962837372749754998e-03,-1.265359275560823220e-02,-6.399779207998873565e-02,-4.401445388206796927e-02,-9.233637709273327665e-02,-2.576282011256506022e-02,-3.912449525118007893e-02,-1.072302288562455297e-01,-8.319082726035210984e-02,-6.040917180877491965e-02,-8.928959976555029751e-03,-4.406651796231247226e-02,-5.185667667706807954e-02,-2.099835681962355927e-02,-1.057329190894432634e-02,-4.232960812868610811e-02,3.598438122748544646e-03,1.164413223413886082e-02,-7.566520929428619327e-03,-4.437340277661521587e-02,2.791512366592447530e-02,2.296837556185099549e-02,7.718123534533489864e-03,-2.866682247976691522e-02,-5.259365216883849642e-03,3.573365165146972361e-02,-1.746255653911971822e-02,8.705584041422706476e-02,5.511556215798170399e-02
1.864993872783043613e-02,3.057365453811716066e-02,-1.566928952178046203e-02,-1.007543090876045905e-03,2.505800420194813014e-02,1.710725844501294682e-02,6.360452953348450476e-03,3.934338098464481431e-02,1.654211664737075330e-02,-2.093781847619374456e-02,-1.309733715150131379e-02,1.832729094199803122e-02,-5.128029755668093298e-02,2.397912714657203168e-02,-4.148548978495023715e-02,1.070618440269231406e-02,1.309363122884040984e-02,-4.940000336047310064e-02,1.400308501530866598e-02,2.147730107075354958e-02,-4.826312692382280986e-03,3.287165599804924704e-02,2.092484349768945762e-02,7.576822327835468218e-02,-6.397532077486414032e-03,4.796352178426359358e-02,9.147914173054248754e-02,6.733853077598839221e-02,1.789935573774055488e-01,5.975927805035841089e-02,5.570885017923662280e-02,-2.357134732036364824e-02,7.054276984527910535e-03,8.311416691662038003e-02,3.815966682163516059e-04,1.884968714045694160e-02,6.491274012849866659e-02,1.846379627569122960e-03,2.928562768109057093e-02,6.395983795524799731e-02,5.975265763750566006e-02,1.803025936775779769e-01,1.807720446757430655e-01,1.536536090411836641e-01,3.376232196514188377e-01,3.268066574615944853e-01,2.447960039672233690e-01,6.635199377025803313e-01,5.215738356005240606e-01,4.878809365215561744e-01,1.000000000000000000e+00,5.288630584750435570e-01,4.941230490589737512e-01,7.089834590912614809e-01,1.606182609516355331e-01,2.613149927632459346e-01,3.255665337753113620e-01,1.017093821757081989e-01,1.773097373761106654e-01,6.152736565165205229e-02,3.609870084006504276e-02,-2.273014832093517637e-02,3.067008244183500390e-02,-8.010433289331521378e-03,-5.269777631679641722e-02,2.735008893042272307e-02,-5.145840432722735558e-02,-1.493065971668902127e-02,3.113042347969496859e-02,-6.461076949883227949e-02,-8.348946154207956272e-02,-7.292336102645789742e-02,-8.022685877716770678e-03,-8.381109739211581311e-02,-3.857797012665523106e-02,-5.079695485017936274e-02,-4.431477629838634358e-02,1.657308280922979715e-02,-9.169422838647393881e-02,-8.660529079077466941e-02,-2.710265808033886920e-02,-2.169540135836645761e-02,-2.701431985901661323e-02,-2.439903797521400866e-02,-5.669849597382162210e-02,-5.213228279734229142e-02,-6.006050283188892058e-02,3.841152482967251369e-02,-7.157374282683313937e-02,-9.872685122415658654e-02,-7.464680000405414517e-02,-4.630875824879818886e-02,-8.045365697186893095e-02,-1.310652042974952414e-02,-3.768456812975340148e-03,5.235065072906682632e-02,9.831273370291856994e-02,4.666320336399668034e-02,5.637463343496291329e-02,9.784455147521972998e-03
6.444960644332431432e-02,8.371897925612740987e-02,1.710948841952537880e-02,5.672126504584077550e-02,7.258641911127948487e-02,5.634177051436648626e-02,4.323531262992701824e-02,8.642010569683822307e-02,3.025372755317129111e-02,-4.274402050124134940e-03,-6.875282701737954125e-03,2.304794131327197321e-02,-2.930808339688969338e-02,9.761503834223542175e-03,-2.930019768959078383e-02,9.741968975796835850e-03,2.150292673442809332e-02,-4.442073212347597000e-02,3.238392806052978190e-02,3.420300911164139007e-02,2.403336345465735893e-02,4.242154702708368641e-02,3.951819619779512599e-02,9.580487008186686082e-02,1.588478130486068937e-02,7.630354587288785961e-02,7.813051606894751144e-02,8.673079931629454342e-02,2.006758686611600229e-01,2.212209843493377626e-02,4.906347848698076886e-02,2.628888739211263786e-02,-8.048424192799214297e-03,4.160380057788442415e-02,2.632041605450679070e-02,-1.848386679132809143e-02,2.893708255321728734e-02,4.443901040849362188e-02,-4.584157136416987938e-02,3.186897254383771333e-02,6.424241839789304742e-02,4.534395059777761305e-02,1.236973718145145257e-01,1.700545581755544267e-01,1.268605518845324076e-01,3.147971460945013233e-01,3.170317315362485844e-01,3.355307682550079384e-01,7.068306376084677600e-01,4.453449328639158544e-01,5.288630584750435570e-01,1.000000000000000000e+00,4.943203594174982451e-01,6.161636410147439680e-01,6.266691951431765384e-01,3.656504303668006162e-01,4.002182356358362503e-01,4.105974972921716537e-01,1.764694817978328112e-01,1.545282777682948638e-01,3.370731805168797335e-02,3.300268417343599908e-02,1.496453084233773448e-02,-2.136309394253347801e-02,-3.004624286296760788e-02,-7.230272536322581226e-03,-4.574763206360592249e-02,-1.570307991357217103e-02,2.948424911102950300e-03,-2.667272088743522993e-02,-2.912271764604175764e-02,-1.784887627656926365e-02,1.158140903589364654e-02,-2.327644111572366864e-02,2.164314822536066510e-02,-2.357366779119748207e-02,3.092474533154898619e-02,4.203336423920209924e-02,-6.100826611793737364e-02,-3.356351374915454711e-02,-3.774100488221260319e-02,1.922794666219468374e-02,-2.584343783406749598e-02,-3.495315434194674192e-02,-4.587411038325845541e-02,-6.183689280886209283e-02,-4.229296852212750812e-02,7.945120213887215191e-03,-8.389495635503259330e-02,-6.406444451286430475e-02,-1.396611932632789155e-01,-4.779338927388383784e-02,-2.290358913820632683e-02,-8.715455886329838420e-02,-9.210402860198380059e-02,-5.140444695598433283e-02,7.545696117670547265e-02,-3.462006791685807994e-02,1.082834936942667359e-01,2.654838485688060246e-02
3.834875815469629412e-02,5.087269612106908034e-02,-3.698174115707707123e-03,3.758951737531014692e-02,5.164699155764448241e-02,-8.956661836662553134e-04,7.818546056794167896e-06,7.437114708179164146e-02,-1.931455276103363414e-02,-2.783322498819702090e-02,-7.837704666250255858e-02,-1.748881536643241350e-02,-5.052656006884668344e-02,4.326247256337897168e-02,-3.802056653265070696e-02,9.709774438820715017e-03,4.084307993203015880e-02,-6.675415316915250807e-02,7.784223205430699198e-03,1.083508894627986142e-02,6.124064432473100977e-03,4.189780917339386984e-02,4.819215568608185667e-03,3.836085884006185109e-02,-3.051123623668487023e-02,3.786945389652823096e-02,1.941887575665255522e-02,3.018810569474746075e-02,1.567389041066314936e-01,-3.910020830887174503e-02,5.838188898438889662e-02,2.591430803156284657e-02,-6.915241785836234722e-02,3.407795218695043593e-02,3.116802681209995471e-02,-8.688661063456239175e-02,-4.822613819137278046e-02,-8.658045572821147784e-03,-8.981329749172828336e-02,-5.201002165447945330e-02,6.367445546494404640e-02,1.207881900927942724e-02,1.080478465927598060e-02,1.936096020717652244e-01,1.818535535304126871e-01,1.574448372377538208e-01,4.167855661907627907e-01,3.961989698034027452e-01,3.455905379685172973e-01,6.574870835190768092e-01,4.941230490589737512e-01,4.943203594174982451e-01,1.000000000000000000e+00,5.711509763069172463e-01,5.115509741832390267e-01,6.702972997006384492e-01,3.423040868561477712e-01,4.139991116931336368e-01,4.094986715046665116e-01,8.407169533651460969e-02,2.127404777722924009e-02,2.931666041229800609e-02,-1.463435663513689648e-03,-1.402583119326773244e-02,-2.089578483284065119e-02,-2.101403331177342099e-02,5.586216468771999268e-03,-2.188748262742447933e-03,-3.698684799453270250e-02,3.436140119857075681e-02,-1.680644075719199895e-02,2.789984284562629577e-02,3.907854347242020049e-02,-5.402424359859698405e-02,-1.010729217853728471e-03,-6.215219411477316408e-02,-2.208351681250462009e-02,-3.106970518650232702e-02,-9.655319962392740207e-02,-9.081688405550629450e-02,-4.077827138293155240e-02,-3.872724442273023891e-03,2.388893396824810431e-02,-2.919355799781708522e-03,-5.475442944169101912e-03,-6.489031208404227868e-02,-6.736962587478262376e-02,1.055771975887566730e-02,-6.849811662996181660e-02,-6.964349245560497170e-02,-1.566907105752503859e-01,-6.137469197070417881e-02,-7.005107059261812819e-02,-6.620932432114216837e-02,-1.146679450309986831e-01,3.569854718608611588e-02,1.024264878647453691e-01,2.231629035802202426e-02,1.685856686899156742e-01,6.651515851764516762e-02
3.302502777559423314e-02,2.892221454852920287e-02,-6.388784992991503042e-03,2.279346105685573637e-02,3.516633970939606058e-02,2.600923363049056566e-02,4.116197968665225027e-02,4.893389855090982121e-02,2.440987249325969610e-02,-4.239475472188104777e-02,-1.201396134679216278e-02,3.200713657853695993e-02,-5.777172621390332802e-02,1.256570646711567193e-02,-3.249239045342604965e-02,1.994015960117825198e-02,2.509528573849664768e-02,-4.254623750059265130e-02,4.310470530859001476e-02,2.723373133099663695e-02,1.600333510387691102e-02,5.827961159788004608e-02,2.740582101768135673e-02,7.899686066858885303e-02,7.009598069821171111e-03,5.384889859470597118e-02,6.965678549695757116e-02,4.993496378736852342e-02,1.619953198147899009e-01,3.670757045935610970e-03,3.425872220863653700e-02,-3.613359505442059749e-02,-5.118839294350342045e-02,3.198448911788449867e-02,-3.008535131525003764e-02,-5.462260174109075800e-02,-5.098702281161325220e-03,-1.292204974026407889e-02,-6.965007315082463735e-02,-1.879726791739562766e-02,2.112742393488352063e-02,4.685294339560079624e-02,6.796230124422554530e-02,9.848440821100354348e-02,1.616174419980568600e-01,2.166098459000917742e-01,2.060123456782391449e-01,4.272075633673023121e-01,4.782877529808736150e-01,4.159731424359059959e-01,7.089834590912614809e-01,6.161636410147439680e-01,5.711509763069172463e-01,1.000000000000000000e+00,4.575856417386894304e-01,4.182245541263156507e-01,5.790960202762056586e-01,3.257884322357427198e-01,3.084864716408568519e-01,2.185988311767401715e-01,9.610584847168063272e-02,5.888599555962635568e-02,7.929108868259288068e-02,2.078740374191238253e-03,3.349528558998755325e-03,1.107166251264561294e-02,-1.331507782974673468e-02,1.802827802396041439e-03,-1.008793121075157728e-02,2.088654718105513539e-03,-2.219174554553403692e-02,-3.656037264843182283e-02,4.296225633625028184e-02,-3.542038886516458290e-02,-6.503184294679547868e-04,-3.274134798608913099e-03,-5.388856151898019364e-03,1.469236969010007283e-02,-8.078911565689390895e-02,-5.373043188891026695e-02,-1.994581286604331372e-02,2.233172363644264635e-02,-6.469096863374666599e-03,-6.375375963792018208e-02,-3.796256288904848591e-02,-4.223397191662325162e-02,-7.966167984470033658e-02,3.199001249994570806e-02,-7.435039907887226740e-02,-9.146725157817117702e-02,-1.441653256759586887e-01,-6.463894277234273622e-02,-1.064055111681757732e-01,-6.767986889889822388e-02,-8.990998719181872434e-02,1.375153467545352573e-02,9.375567448655132419e-02,4.314242870318789336e-02,1.202083324547109505e-01,3.111768276895187160e-02
6.809095052084049304e-02,9.298666621679857469e-02,3.188763176358739432e-02,6.774632932785080996e-02,9.893792930301473221e-02,5.770945717537973724e-02,5.929451873969577430e-02,9.270454757103341326e-02,1.688921471676585462e-02,-2.948142727570555316e-02,-3.900259054083640708e-02,1.765371257065265209e-02,-5.059944192972205129e-02,-9.875949818480460676e-03,-4.505198277938562285e-02,8.277634772764136395e-03,1.740268326308823388e-02,-7.050314539561031157e-02,4.232955822154548658e-02,7.868480494578923568e-03,5.375974811685074739e-02,4.890195483605451476e-02,1.007042185450260537e-02,2.082008648764215389e-02,-3.052656722352587587e-02,1.005470272131014225e-02,-1.993068162348243105e-02,-1.542580107115440816e-02,9.606300240214862840e-02,-8.066248080069225723e-02,-7.245201974784635547e-03,-9.146576442803812726e-03,-9.775371663982040937e-02,-2.702020851110826724e-02,-3.089311813924936617e-02,-1.135230520115588504e-01,-8.802712043992064195e-02,-1.907890899275773225e-02,-1.522824074984602816e-01,-3.742335189970732306e-02,4.940009709982665087e-03,-8.056193582130038999e-02,2.778691373223154005e-03,6.971700176980326347e-02,-2.131127919012511251e-02,1.016872726143752820e-01,2.120966227240841384e-01,8.603273223500480793e-02,3.663748096682028499e-01,3.423043481411753297e-01,1.606182609516355331e-01,6.266691951431765384e-01,5.115509741832390267e-01,4.575856417386894304e-01,1.000000000000000000e+00,5.341062866996417746e-01,5.099608883964273920e-01,7.146465389747443941e-01,2.653037199146380254e-01,2.917992396622577367e-01,1.188699170296448338e-01,1.861122597231952558e-01,1.150715031786034848e-01,6.651369027093727293e-02,9.161935386662904690e-02,4.012273393260643028e-02,8.163519521642591259e-02,7.282223637808876715e-02,5.482348331227935440e-03,1.158071987601808489e-01,6.847346533684549319e-02,5.823346490014989080e-02,1.040279177243057240e-01,3.078656798725356442e-02,7.634877708852026712e-02,1.171064869914147447e-02,8.987233391093384094e-02,4.476470789484975760e-02,-1.512660864109631464e-02,5.171774847554406508e-03,1.002136664360419281e-02,4.805216169868275350e-02,5.331692128807657971e-02,-2.391348049783825411e-02,-4.614255154165485678e-02,-1.001993601427403208e-01,-9.492534264504384756e-02,-3.503628819073940914e-02,-1.269340948776736533e-01,-7.625798239909455101e-02,-2.177178098426281183e-01,-8.884555695436509304e-02,-6.943554328215628679e-02,-1.191574864371759968e-01,-1.497887529912116100e-01,-5.272639306610332754e-02,1.012226016320033339e-01,-3.649675470592739918e-02,1.630412402202741640e-01,3.996060861210596477e-02
6.199152031711452349e-02,6.825287859120969525e-02,4.696150601884551377e-03,5.374817565872946207e-02,8.294903411747397981e-02,3.568193138158488875e-02,2.981529172941642034e-02,8.144356530307562958e-02,4.923927288748804199e-03,-3.119229698173107621e-02,-4.836369235018865564e-02,-7.614674419596354285e-03,-2.805036935403584439e-02,2.098418908675238337e-02,-7.220385080514679296e-03,7.765752334575063733e-03,3.248270542164681529e-02,-4.951654792105059794e-02,1.464322504812758108e-02,1.551977302547834225e-02,3.205328461962250047e-02,2.621781438771967135e-02,3.631365257360079368e-02,1.839486443771068749e-02,-1.096282999456725006e-02,7.755274177758236451e-03,9.310479885439520292e-03,4.479210832429560141e-02,1.019920511117927558e-01,-6.216472508388457691e-02,2.732575039962758384e-02,-1.646927852566559478e-02,-9.386902205076794181e-02,6.353674990214456565e-03,-6.388839661951035108e-03,-1.126982210943605761e-01,-7.656310366968482883e-02,-5.257439701976079210e-02,-1.454122406568096604e-01,-9.056294000623818508e-02,1.888500018428157859e-02,-6.946734581988235624e-02,-5.137970686174286178e-02,8.100702937420822813e-02,6.776689348400593768e-03,3.134953779428068660e-02,2.035613591129168121e-01,1.640311229932628623e-01,2.023234224545515936e-01,3.788888457552948563e-01,2.613149927632459346e-01,3.656504303668006162e-01,6.702972997006384492e-01,4.182245541263156507e-01,5.341062866996417746e-01,1.000000000000000000e+00,4.978587517700764908e-01,5.260801584888685767e-01,6.577674633037883245e-01,1.896380462869693140e-01,9.386539785868459884e-02,9.036902154819181909e-02,7.943910403717503732e-02,4.395458474293109652e-02,4.353402701714959716e-02,1.140056880713755799e-02,5.988495923520729958e-02,5.728388830834362649e-02,-2.266182243559956844e-02,9.785219647094658968e-02,4.520879286074074022e-02,5.980513400157271703e-02,1.007439174270423898e-01,-1.811698989736222967e-02,3.734718208767431186e-02,-8.691889425792732188e-03,3.642996025291983520e-02,8.593254290540587939e-03,-4.050625666310860018e-02,-3.204294724240833170e-02,-2.225342092048797696e-02,1.504561971515675639e-02,3.683491865145988725e-02,-1.305350289564703725e-02,7.546797740301448669e-03,-8.203251450109277920e-02,-8.583994515302474648e-02,-2.895515026136064735e-02,-8.197335773435014683e-02,-8.477195853758066890e-02,-1.626005053836221403e-01,-8.790313759813331296e-02,-8.898446693481143477e-02,-9.442720834982755440e-02,-1.465174737141816674e-01,4.260838211213683474e-02,1.198325864731365348e-01,2.422007289508639263e-02,1.783296235974843602e-01,5.791085892274795699e-02
3.617021852619821398e-02,5.046466917886497511e-02,3.399688082348063800e-02,4.312124904863691432e-02,5.157805867012746348e-02,8.754059237572778089e-04,5.169906221029502841e-02,5.219734039217996391e-02,-1.106325817642024069e-02,-9.846981442043230282e-02,-3.168947932161669118e-02,1.692325506184336583e-03,-9.708928813490998178e-02,-6.307674777188575221e-02,-7.259608435087942790e-02,-1.918849546560093960e-02,-4.007101841246965557e-02,-9.265057750590943719e-02,2.994923981906255552e-03,-3.957613608092338392e-02,-3.139270186258244499e-03,1.949686460351983050e-02,-1.092099841358245421e-02,-1.624852758704385322e-02,-5.499809414235666549e-02,-5.246013366048229987e-02,-1.443123089194930930e-02,-4.667954382895258408e-02,5.162443809841197467e-02,-6.995509078088633925e-02,-2.879161877214509932e-02,-6.081146907557264530e-02,-1.068040863816793334e-01,-2.441568729819757616e-02,-7.386839899417302346e-02,-9.990941061407070112e-02,-8.881043417401071616e-02,-7.781730487368657134e-02,-1.527352663066472716e-01,-2.936324359343334134e-02,-1.216863312877051670e-02,-5.556379765585844205e-02,1.613375049351560217e-02,2.026347538769149303e-02,2.210185298358000039e-02,5.634916440133953125e-02,5.209888267341629409e-02,1.445375592137023157e-01,2.317660978465704569e-01,1.861941250990251373e-01,3.255665337753113620e-01,4.002182356358362503e-01,3.423040868561477712e-01,5.790960202762056586e-01,5.099608883964273920e-01,4.978587517700764908e-01,1.000000000000000000e+00,5.353292953195432080e-01,4.890847242380830240e-01,4.894019701107497622e-01,2.778222669229533648e-01,2.627985537007268002e-01,2.522626866000834966e-01,1.602734622632807637e-01,1.363359684853563958e-01,1.108496944851193322e-01,1.103843532259004834e-01,1.358660383389456161e-01,5.277997655626526924e-02,1.328311622507804823e-01,8.155185972238693237e-02,5.098328866272987259e-02,1.500838052540742762e-01,3.700127670486292458e-02,6.235408225514305069e-02,4.705331534221769696e-02,7.458722516322419116e-02,2.960082748087279614e-02,6.418361251000407122e-03,1.185962162819163140e-02,7.440745777285881490e-02,4.309144972921840483e-02,4.620304892526592294e-02,-8.047240060700822095e-02,-5.320986933840764210e-02,-9.615414676983215225e-02,-1.328932640740651538e-01,-3.043476001402143499e-02,-1.262171887661627523e-01,-1.058932614684893331e-01,-2.134321136351755577e-01,-1.031474240366409001e-01,-1.395990434616578846e-01,-9.369665134670444873e-02,-1.291751591668955645e-01,-2.613467686651719819e-03,1.140999873243231932e-01,1.723181921175859568e-02,1.372460959712413220e-01,7.243014219814231797e-03
7.375314170022832794e-02,9.436908587207364085e-02,4.209892587702457334e-02,6.961556580795895399e-02,1.065726661796801977e-01,6.565493821736798075e-02,7.206730456054606659e-02,9.889585796652551608e-02,2.398893490904797227e-02,-4.000442374684307772e-02,-5.312814532293103770e-02,7.515507629892699895e-03,-4.914268150414019543e-02,-1.196376600695796353e-03,-2.579431511684382103e-02,-9.884788399031440090e-03,2.573716465003043907e-02,-7.034376875200069879e-02,3.711881501706147668e-02,6.301484182569423546e-03,6.064908407873615542e-02,5.910683600065059357e-02,1.353340473125157900e-02,-8.084607544268963830e-03,-4.533995553469068879e-02,-2.797622427301304018e-02,-4.468527186260332767e-02,-6.474871116812641603e-02,5.533362468427328179e-02,-9.787459426064586132e-02,-5.969050650330378488e-02,-4.907186408178583481e-02,-1.239149743827387823e-01,-8.237402446750617668e-02,-7.705609354630509056e-02,-1.376073153239391333e-01,-1.362423229562625404e-01,-8.543428441459496869e-02,-1.855632709182782614e-01,-8.574072603764179568e-02,-4.481214033341011233e-02,-1.252567776729966720e-01,-5.850733187487675707e-02,1.220661702950508881e-02,-7.599620860732095307e-02,-1.002836872019769766e-02,1.103148083929751250e-01,2.045617443637841662e-02,2.003217663144507277e-01,2.173359176970512119e-01,1.017093821757081989e-01,4.105974972921716537e-01,4.139991116931336368e-01,3.257884322357427198e-01,7.146465389747443941e-01,5.260801584888685767e-01,5.353292953195432080e-01,1.000000000000000000e+00,3.992003145426176181e-01,3.836407061456360568e-01,2.273071739383878409e-01,2.880894303011537483e-01,2.117287515017447774e-01,1.589723270338689876e-01,1.645865922018584226e-01,1.217699177638523617e-01,1.590338223038836873e-01,1.439397695666027321e-01,5.365415588603206221e-02,1.766009086735639555e-01,1.226684332006635070e-01,9.361604270704977637e-02,1.559976281943292464e-01,6.525542174837938025e-02,7.472470476349447888e-02,2.680863525410534173e-02,8.324745670943135833e-02,5.841980713490107363e-02,1.048014063983185654e-02,1.915984686550203583e-02,5.173689139572177492e-02,2.535454985967097730e-02,9.678241734563761134e-02,1.912026996639343973e-02,-7.792795759280239654e-02,-1.410640011329520604e-01,-1.381174402643973176e-01,-5.413464259191268918e-02,-1.551492037761377230e-01,-6.891894034554603421e-02,-2.242998974814214008e-01,-1.151983349362488557e-01,-9.060221014480844548e-02,-1.500241740639592924e-01,-1.710022027823270840e-01,-5.552657903784589954e-02,1.158974572885552307e-01,-3.878489896786849189e-02,1.539694315574692274e-01,2.176920109113053906e-02
2.499611884264994754e-02,3.030260594706023561e-02,4.155149820228533873e-03,1.468138945467705944e-02,4.640856350030938410e-02,2.315746514759711369e-02,1.229037839164549839e-02,5.024108818776452934e-02,-1.198370531220492065e-02,-3.922208724419042059e-02,-4.644233620530580087e-02,-2.603398541422367873e-02,-2.429608003700262780e-02,-1.421493199863394473e-02,-6.631810639215966752e-03,4.771458510090106561e-03,-2.537979359736465546e-03,-4.179461925305046066e-02,-1.832634414084560043e-02,-1.763766232445902749e-02,-2.164039456119666582e-02,1.248009083237390082e-03,3.313920600474601613e-03,-3.121776021584800071e-03,-5.104182240183527224e-03,-2.849509449660449223e-02,2.330304633100071382e-02,4.692095251045111381e-02,5.447429641832726016e-02,-2.121129560505174982e-02,4.326087576471834839e-02,1.713267424613920675e-02,-5.658880565715498911e-02,2.590279354470417794e-02,2.712323277170478053e-02,-7.589727161918972953e-02,-2.439740511896211148e-02,-2.754529450919713379e-02,-1.082937694264275857e-01,-4.956815968110743487e-02,2.911892471642657174e-02,-5.409601181795671565e-02,-2.823225388481929651e-02,4.808907699422980409e-02,7.296927185460829780e-03,-7.876407080822057580e-03,9.090626035430324214e-02,8.357991619230284441e-02,9.366647318207928230e-02,2.000562274792234696e-01,1.773097373761106654e-01,1.764694817978328112e-01,4.094986715046665116e-01,3.084864716408568519e-01,2.653037199146380254e-01,6.577674633037883245e-01,4.890847242380830240e-01,3.992003145426176181e-01,1.000000000000000000e+00,2.533866807651973252e-01,9.716301501996554846e-02,1.049257137826033748e-01,1.296715556057985996e-01,6.114801648309885207e-02,6.002048743130480174e-02,1.591563590583464083e-02,4.655637318126327334e-02,5.116674452109595816e-02,-1.261856639549521764e-02,6.979115835839548587e-02,2.985402191571123048e-02,3.116248804445018172e-02,8.925914421410491295e-02,-2.695063159208085576e-02,-1.041645592405807466e-02,-5.556852947375161972e-03,-6.275543490363813537e-03,-4.008270257801655606e-02,-4.173314609814734316e-03,5.834229715061876702e-03,3.800560124035030907e-02,2.445517888577267152e-02,4.255688872207506745e-02,-9.906179316744987209e-03,4.981938390228785041e-02,-4.591187747635180200e-02,-4.251808359776260843e-02,-2.919337669986595343e-02,-3.005807480848935592e-02,-4.610869462734883822e-02,-1.163005775622964200e-01,-3.415346148207391852e-02,-7.017051865300251434e-02,-3.842612623877598999e-02,-1.045314305613143507e-01,4.970112941851197175e-02,3.747486852110103878e-02,3.824670028948675554e-02,1.131764930326537577e-01,4.111001973870906379e-02
4.800077668455741270e-02,4.227319308639353179e-02,3.003286333643622255e-02,5.339122311540090565e-02,3.166927788932055038e-02,-1.211782370067862602e-02,4.619319489746689933e-02,1.039476970180492829e-02,-2.105327009572482630e-02,-8.075578650281929616e-02,-1.077963511463067743e-02,-1.296952833261782664e-02,-6.223307494788563043e-02,-3.993129793604029143e-02,-3.732918507813989123e-02,-1.461426505703198979e-02,-1.357862267150829888e-02,-4.985078897470414383e-02,1.188085622408266082e-02,-1.766201867341975207e-02,-3.156022832055676436e-02,2.540427182294306002e-02,-1.533055057800262327e-02,-1.416296940088625266e-03,1.457636521158843512e-02,-3.471877968013295512e-02,-1.607263061454929781e-02,-5.006559529468101316e-02,-2.174488253096491103e-02,-5.001604128600311422e-02,-9.434452509076135529e-02,-1.189041186937489919e-01,-1.171973036164141169e-01,-5.915499466205244306e-02,-1.068896824583879801e-01,-1.034009200393899708e-01,-8.547943998450005521e-02,-1.250540838279528832e-01,-1.454799319950352554e-01,-1.271566692450534948e-02,-5.201591827511998362e-02,-5.915427057768318786e-02,-1.663240978176097271e-02,-4.479205821476126004e-02,-4.379029482533236539e-02,-4.817264015489829132e-02,-6.915776048308985846e-02,-3.790056548621185961e-02,1.837823240362940896e-02,-2.586520251750532018e-02,6.152736565165205229e-02,1.545282777682948638e-01,8.407169533651460969e-02,2.185988311767401715e-01,2.917992396622577367e-01,1.896380462869693140e-01,4.894019701107497622e-01,3.836407061456360568e-01,2.533866807651973252e-01,1.000000000000000000e+00,5.654707491433980104e-01,6.760251360844785617e-01,5.269728018073391862e-01,4.115134736559288298e-01,4.056701914498271333e-01,3.043826596348125912e-01,2.401374797317218091e-01,3.230738484591799686e-01,1.602476579746058838e-01,2.163938394590594061e-01,1.038759785293908722e-01,6.733493746913969680e-02,1.801636463223175166e-01,6.062362882638516748e-02,5.677780510645877993e-02,2.927171324119248741e-02,2.955740284013028824e-02,-1.056767984956195026e-02,-1.288719654808487269e-02,4.555953131814300533e-02,3.974609720010854191e-02,3.836398612863518159e-02,5.528355426422019298e-02,-3.164079418875582334e-02,-1.159038840457718988e-01,-1.388083851307238825e-01,-1.418585734283080713e-01,-9.488216825813629296e-02,-1.681524423546750524e-01,-1.258144242771395416e-01,-1.435803108114075688e-01,-1.192654712023245994e-01,-1.586416871730027267e-01,-1.023968432808714940e-01,-8.430813471753594024e-02,2.409963066851742927e-02,1.441034972588082774e-01,3.495397196878233942e-02,7.682471481071050101e-02,-1.539149629387945133e-02
5.109576019537906671e-04,6.616243448544406646e-04,-5.303020864964832701e-03,1.475408914981916897e-02,-6.907853119915850402e-05,-2.716935706328017786e-02,2.096690287813229164e-02,-3.431013138916516429e-03,-1.554916088684763463e-02,-1.004214431843589161e-01,-4.401645054795841339e-02,-2.982993212872436448e-02,-9.511733076996291281e-02,-5.959143119120509369e-02,-1.033757880401045548e-01,-5.764305044988184829e-02,-2.138281135589300067e-02,-1.371514327810873790e-01,-3.609340158252876546e-02,-6.493841739770356281e-02,-3.311107067881768201e-02,-4.209949521767637065e-02,-1.330986670784193963e-02,-5.330239569110869179e-03,3.579552047114245572e-02,-1.939699215057810039e-02,-1.427410712523096217e-02,-2.214215041413037516e-02,-2.181856362337905239e-02,-5.007664471980471238e-02,-6.817506151183420904e-02,-1.331897731896282688e-01,-1.075247710604044088e-01,-8.074157536655239553e-03,-1.018501259943932202e-01,-8.558937502100731620e-02,-5.336976557548561012e-02,-1.392787813998481172e-01,-9.458419538667359183e-02,4.831630494971714956e-02,-5.295748588912282950e-02,-4.366469951828168793e-03,6.462126807686033314e-02,-4.737472514867504397e-02,1.154750282033535809e-02,2.262624834347379027e-04,-8.935821392187028034e-02,-3.465915928235432930e-02,-2.556059814326063634e-02,-6.174421738904341261e-02,3.609870084006504276e-02,3.370731805168797335e-02,2.127404777722924009e-02,9.610584847168063272e-02,1.188699170296448338e-01,9.386539785868459884e-02,2.778222669229533648e-01,2.273071739383878409e-01,9.716301501996554846e-02,5.654707491433980104e-01,1.000000000000000000e+00,5.587992481212645801e-01,6.199286547545118653e-01,5.342052301107044210e-01,3.597526761856140731e-01,4.014361350924017247e-01,3.038711223542153728e-01,3.551755532234386337e-01,2.875504863749095419e-01,2.479371454427168886e-01,1.234955441182756103e-01,6.359094981465790442e-02,2.087735679223605978e-01,6.335406990101109803e-02,6.253814456706377478e-02,1.738951725092720627e-02,1.715645889961084011e-02,4.898462784142989385e-02,-1.860735804888465419e-02,-5.640615968139632563e-03,1.811510863486754871e-02,5.091069206303988799e-03,1.883295894869540382e-02,-6.634741606569261388e-03,-1.543857475001811086e-01,-1.920288394947250732e-01,-1.694749236525334435e-01,-8.132758220019235817e-02,-1.978816179156628885e-01,-2.176596261958038403e-01,-1.518115251377631925e-01,-1.739394779010329239e-01,-1.492420722644444697e-01,-9.974133612222745027e-02,-1.902573363511214991e-02,3.238057554992207487e-02,1.587265344133921563e-01,1.072643040635268795e-02,1.746491847629056543e-02,-5.788340842474992004e-02
3.263281799832790098e-02,3.683371451856277956e-02,2.194253368747465724e-02,4.727632098528852106e-02,6.676221900232680480e-03,-1.305480900266675626e-02,9.315716903955179734e-03,-8.644038549579506625e-03,-1.294870834713204334e-02,-5.614802174704776327e-02,-3.135841375926717162e-02,-4.016650176020864632e-03,-5.532183815526644372e-02,-3.180364849116910919e-02,-2.288522553661399145e-02,-1.199633091009418354e-02,-1.619942871008513141e-02,-5.248170694183685453e-02,-1.052960424020205239e-02,-4.208764424665367015e-02,-4.723213172770950041e-02,-3.940389809140182678e-03,-2.931430293921389457e-02,-9.449979010330674528e-03,-5.479531353739818846e-03,-4.733367291550782952e-02,-3.530712998380246964e-02,-6.980593001789064944e-02,-3.658485452148618755e-02,-4.857836743663974943e-02,-1.369522246906497986e-01,-1.512409648705625997e-01,-1.060801687197541893e-01,-7.905672673196313671e-02,-1.410769665734779854e-01,-8.258574771017401783e-02,-7.510592721686765172e-02,-1.612221175107945159e-01,-1.280951583964383134e-01,-2.484594553227469776e-02,-8.236579115216369207e-02,-6.734425266459134751e-02,-2.355900852444800520e-02,-6.237101403220172979e-02,-6.929339674085294165e-02,-6.936984556158624915e-02,-1.065817710776491289e-01,-9.706798379817922762e-02,-6.593336849585464121e-02,-7.842935918006302409e-02,-2.273014832093517637e-02,3.300268417343599908e-02,2.931666041229800609e-02,5.888599555962635568e-02,1.861122597231952558e-01,9.036902154819181909e-02,2.627985537007268002e-01,2.880894303011537483e-01,1.049257137826033748e-01,6.760251360844785617e-01,5.587992481212645801e-01,1.000000000000000000e+00,4.938881611204437028e-01,5.515404556727292462e-01,4.519102987656379855e-01,3.726565525658297462e-01,3.357238674386855415e-01,3.609563443445339415e-01,2.119183293143943603e-01,2.605005886358838230e-01,1.298953091024605544e-01,7.928699630550345434e-02,2.001119402025472171e-01,8.927066899450107618e-02,9.155804438794698519e-02,3.428682774202893718e-02,4.298741279893297795e-02,5.834065923274481258e-02,-3.892524555601241734e-03,1.323128720725674605e-02,3.999645791230066472e-02,1.766368424314015625e-02,4.352910708962087760e-02,-7.654590960299735743e-03,-1.576722460454070551e-01,-1.358068631180545105e-01,-1.267457147231316195e-01,-7.987000087310455743e-02,-1.418867483571723542e-01,-8.787070225065989060e-02,-6.268356859257256941e-02,-1.124934003808735344e-01,-9.878699639624338724e-02,-1.029954640214609390e-01,-6.118896286130237616e-02,-2.507726393214594618e-02,1.367736972474817292e-01,-2.418736773691953015e-02,1.464352313124219623e-02,-4.686081595595076310e-02
-9.667505599014317164e-03,-9.543693681213544569e-03,-6.945729068572135262e-03,-7.673912204346464844e-03,9.850004869596478904e-03,-3.601858161199704075e-03,5.400273952552616524e-02,-2.251606098254931021e-02,1.476184694759206592e-02,-5.669836093300901353e-02,-1.837745285860086690e-03,1.562756530796347715e-02,-6.576303010243697567e-02,-5.028905710348732794e-02,-9.592361762019906146e-02,-2.418006888249072880e-02,-3.284042507497718366e-02,-1.141041302065073648e-01,-9.567123757153269195e-03,-6.904643295524942603e-02,-3.263452797068226025e-02,-3.299409582038859059e-03,-3.390900877855793777e-02,6.407819582661349218e-03,5.286052730834437524e-03,-2.187128417938010924e-02,-3.546315078861931452e-02,-3.961184567159984488e-02,-3.168813219451544622e-02,-4.913372854616270685e-02,-7.167553652312612378e-02,-1.274797155750970190e-01,-9.216940835794362741e-02,-7.274288661609233826e-03,-9.383589282135916532e-02,-6.191195646869331048e-02,-2.934975525272342720e-02,-8.692474860258256331e-02,-4.928317180053157220e-02,7.476515548082751650e-02,2.018361399568040573e-02,6.391244953730314260e-02,1.093863646672281614e-01,1.993666163335022432e-02,7.960484571990604497e-02,4.683999191718860033e-02,-6.368547005681365891e-02,-1.160487832171939841e-02,-1.343090614509706918e-02,-4.851514430557749696e-02,3.067008244183500390e-02,1.496453084233773448e-02,-1.463435663513689648e-03,7.929108868259288068e-02,1.150715031786034848e-01,7.943910403717503732e-02,2.522626866000834966e-01,2.117287515017447774e-01,1.296715556057985996e-01,5.269728018073391862e-01,6.199286547545118653e-01,4.938881611204437028e-01,1.000000000000000000e+00,5.262971682573039933e-01,5.653809254394651651e-01,5.537302910834207559e-01,3.479324478930823084e-01,4.842894706754154455e-01,3.635780576707857148e-01,2.887125812957262450e-01,1.461845502428395227e-01,8.611270476262616880e-02,2.354049392326287571e-01,5.737146416579771979e-02,3.033247774706105543e-02,1.198986753112387532e-02,9.437609180405572007e-03,-3.718520337769450068e-02,-2.347014813353316340e-02,-2.410486912683532795e-02,5.188150896220660932e-03,-1.487431726637630097e-02,5.687829903197173798e-02,-2.206545387962571131e-02,-1.650247228478240735e-01,-1.398275222615179558e-01,-1.566207356166091080e-01,-6.098089898895602684e-02,-1.505327707081396127e-01,-1.662710526072542494e-01,-1.137059379564755168e-01,-1.357322427830637557e-01,-1.283397348650872627e-01,-9.363507928213932185e-02,-2.316337131736712768e-02,2.289653595098799926e-02,1.391537894798619834e-01,-7.384714325785843303e-03,2.051620811335938890e-02,-4.760386788794183227e-02
1.827076185576644030e-02,1.390472652516756358e-03,1.679273928763311621e-02,2.331027250618385518e-02,3.787084711207562918e-03,1.226125501076940315e-02,1.865343992913827062e-02,-6.131767155393940544e-03,2.702325580708795152e-02,-1.690125294722956417e-02,-7.939977799883748619e-03,2.680822358524058424e-02,-1.520446585999578673e-02,3.455003790326712648e-02,-1.020696044005437418e-02,2.887921370656352377e-02,3.589245043781962019e-02,-6.324963556031901191e-02,1.394554996421682033e-03,-3.053503697479403520e-02,-1.241938972086260341e-02,-1.480488750272684374e-02,-2.125577425608089419e-02,1.822423408946363330e-02,2.848605606623967612e-02,-6.537398498126494734e-03,1.134120226217661103e-03,-9.189922094089040053e-03,-2.251221532809317624e-02,5.312263139967562942e-03,-6.333603241873736467e-02,-1.356334694248421679e-01,-4.498468713097649591e-02,4.269887633110447736e-03,-1.130480662558939892e-01,-1.707512677252419689e-02,-2.259377715381416171e-02,-1.281473108122834770e-01,-4.639579732218187397e-02,4.137817048750450089e-02,-3.488033332316085172e-02,1.212175661399954481e-02,4.674845248596935787e-02,-5.130599698849624274e-02,5.740870524723083040e-03,-2.572231488333225069e-02,-9.152368557136232596e-02,-5.263995062948212400e-02,-5.921029858458199541e-02,-7.449392036613367019e-02,-8.010433289331521378e-03,-2.136309394253347801e-02,-1.402583119326773244e-02,2.078740374191238253e-03,6.651369027093727293e-02,4.395458474293109652e-02,1.602734622632807637e-01,1.589723270338689876e-01,6.114801648309885207e-02,4.115134736559288298e-01,5.342052301107044210e-01,5.515404556727292462e-01,5.262971682573039933e-01,1.000000000000000000e+00,4.175002291668805099e-01,5.269812679220985396e-01,4.474870528752792342e-01,3.889980286310467661e-01,3.929016693167506902e-01,3.130198186466645605e-01,1.563529072991778346e-01,7.016246129559201850e-02,2.296391452478663830e-01,7.650667915384008755e-02,7.650415524755856123e-02,4.936879433108073284e-02,3.281553083198444909e-02,6.048818600949577851e-02,1.457085280526394626e-02,5.262953845713770618e-02,5.708926315105386506e-02,1.149828353016306252e-02,7.384826903178355606e-02,2.724915580338965748e-02,-1.352560636492678992e-01,-1.295422365123451991e-01,-1.481376159752413602e-01,-7.134983122951055190e-02,-1.255748689726066125e-01,-1.317168633029877911e-01,-3.764198269365326421e-02,-1.086240989253538375e-01,-9.212532166245740450e-02,-2.179230066154463907e-02,1.047213094252831371e-02,-3.712319139928577094e-02,1.392225467036266873e-01,-6.342538677297346328e-02,-3.063801583337788167e-02,-9.729695356167146481e-02
1.610050994675113825e-02,3.394613122908431146e-03,-7.731481588831970279e-03,1.692050306764300918e-02,3.177765734932523189e-03,-8.915303646334310148e-03,3.396541018481394336e-02,1.607516707763978524e-03,-1.135439225429368815e-02,-7.439986844512160025e-02,-4.425906084626565762e-02,5.686914665554754916e-03,-8.977877873932610386e-02,-4.907809009183290022e-02,-6.439180806503103094e-02,-5.058232872765029003e-02,-1.631746630335007692e-02,-1.055259129677164343e-01,-1.626091445761185944e-02,-9.035504707124764057e-02,-7.706271321183789935e-02,-3.656730362005114650e-03,-5.691884890178749296e-02,-3.338486288838220239e-02,-4.419057415154838131e-02,-5.738006098032234770e-02,-8.151084425852019033e-02,-9.756450960597419508e-02,-8.004422985439096916e-02,-6.306330353139555367e-02,-1.124647846380777000e-01,-1.438495839123399012e-01,-8.940770218893492882e-02,-6.411932030093643597e-02,-1.191487672489442706e-01,-6.691025197278439862e-02,-5.365763775001866631e-02,-8.970564570819368477e-02,-7.407500501087077582e-02,2.925805392022347816e-03,-7.224984687772339348e-03,1.572569057782037538e-02,1.909815029856073293e-02,7.938130158053698440e-03,6.317304245151680354e-03,-1.731682181083534638e-02,-6.610682771091314081e-02,-5.286991107932949990e-02,-8.173301532307139516e-02,-7.556658903052597409e-02,-5.269777631679641722e-02,-3.004624286296760788e-02,-2.089578483284065119e-02,3.349528558998755325e-03,9.161935386662904690e-02,4.353402701714959716e-02,1.363359684853563958e-01,1.645865922018584226e-01,6.002048743130480174e-02,4.056701914498271333e-01,3.597526761856140731e-01,4.519102987656379855e-01,5.653809254394651651e-01,4.175002291668805099e-01,1.000000000000000000e+00,5.102945962626240783e-01,4.760688559218114180e-01,5.662977522198544555e-01,2.757495345059416403e-01,4.054343905637485812e-01,2.115383070937113530e-01,1.337827600825663432e-01,3.106266335558798275e-01,1.003309029648923600e-01,9.072125483719009620e-02,5.869777634588830423e-02,4.926912134247675434e-02,-2.354886193839668754e-02,-6.788628873276440420e-03,-1.543666252552084936e-02,-2.783990004482751052e-02,-1.378073210363999976e-02,3.320553584864519708e-02,-2.378341386841921132e-02,-1.853954266884795254e-01,-9.675606739025312264e-02,-1.289161891501179324e-01,-3.702595989500751666e-02,-1.186573289489934874e-01,-1.227447003012403642e-01,-6.412995193642023750e-02,-1.273187175954225703e-01,-8.519512992755212677e-02,-8.292211619950812240e-02,7.897959829165294553e-04,-9.422056693607449088e-03,1.208764066801038262e-01,-5.278313940484801597e-02,3.027955847667948910e-02,-3.660693701555846336e-02
7.102902654236503861e-03,-6.445972013790412722e-03,-1.320594502254142204e-02,1.053964000553665563e-02,-6.007397916505888828e-05,8.481880099853495933e-03,2.163658466934263030e-02,-2.672138793624595846e-02,5.019009612787836416e-02,3.433108873804820421e-03,4.289120033006049021e-02,6.743068941779827019e-02,-2.026735338268158618e-02,1.917962507731224737e-03,-5.407924476146921261e-02,2.482785276631111274e-02,6.974215229890725135e-03,-8.668887063747987565e-02,-1.785100281439234299e-02,-4.328177330687498631e-02,-3.774049361427947447e-02,-2.312690544073239818e-02,-1.216970239231530797e-02,-6.724303137797151128e-04,-1.184605739402938736e-02,-2.755341440682624460e-02,-4.180802876345166008e-02,-3.390576465402984213e-02,-2.053980762334912946e-02,-3.672497101573986289e-02,-1.111306210173794301e-01,-1.292565526148573285e-01,-5.827769347942442224e-02,-3.643771348095856816e-02,-1.222964443791517697e-01,-1.864795913547845699e-02,-3.826804246130363629e-02,-1.116438878066842860e-01,-2.142058450408707709e-02,4.260483387768872199e-02,-1.825028870782747364e-02,8.159785189555165963e-02,8.078509031244228422e-02,1.489594398806734846e-02,1.069363833555763976e-01,4.530295396338359509e-02,-1.680215960969446212e-02,2.527813373706991329e-02,-1.250099420104087977e-02,-1.168840233076019058e-02,2.735008893042272307e-02,-7.230272536322581226e-03,-2.101403331177342099e-02,1.107166251264561294e-02,4.012273393260643028e-02,1.140056880713755799e-02,1.108496944851193322e-01,1.217699177638523617e-01,1.591563590583464083e-02,3.043826596348125912e-01,4.014361350924017247e-01,3.726565525658297462e-01,5.537302910834207559e-01,5.269812679220985396e-01,5.102945962626240783e-01,1.000000000000000000e+00,5.544652125645360696e-01,6.004084521001304964e-01,7.157551384536310346e-01,3.474000774987894280e-01,1.331383568529509454e-01,8.010374430137499890e-02,3.218668166223976335e-01,5.709868424757514466e-02,8.409532710688875923e-02,5.939504541992837033e-02,4.781870045026312410e-02,4.743440328409301299e-02,2.351976747950126553e-02,5.275125324624085899e-02,5.337382909606448039e-02,1.688334294360085974e-02,5.168306475310312231e-02,1.287803115383994931e-02,-1.737257658491909440e-01,-1.556404319056524099e-01,-1.830194063799163440e-01,-6.808370851704226290e-02,-1.520611271275240095e-01,-1.232999306184486554e-01,-5.441799507614483722e-02,-1.409965843310116707e-01,-7.019964672452973231e-02,-9.389604152111957758e-02,1.803692214903391752e-02,-6.193458754779639086e-02,1.393171319592137747e-01,-1.098435801693105618e-01,-2.255844903644104935e-02,-1.175374032101458716e-01
4.546286823113735581e-02,3.782675674723551262e-02,1.984748873478180825e-02,6.287544048820584153e-02,1.803764047400368414e-02,-1.655136724695262587e-02,7.105896610199996001e-03,2.068110394338584096e-02,-4.648831718838145749e-02,-7.218436428402355554e-02,-6.722078163111279425e-02,-1.489762990946551062e-02,-6.860525771291639541e-02,-1.999025836282243302e-03,-4.161467193269761250e-02,-1.909688728827859186e-02,1.884395164817097290e-02,-1.260808364191284003e-01,-3.297031876753236945e-02,-1.001868023202938801e-01,-6.084637788621435894e-02,-3.502740720217671633e-02,-6.849526500293509623e-02,-8.534417453484387239e-02,-8.204056094993235349e-02,-8.676513749621110605e-02,-1.194618884561466643e-01,-1.377180845264610876e-01,-6.428893592055724693e-02,-1.143994673948546398e-01,-1.906744890801895242e-01,-1.554235841462710543e-01,-1.220428999382391355e-01,-1.214880055367430906e-01,-1.719641500809212520e-01,-8.371782479609346517e-02,-1.258270753285272159e-01,-1.435847370327630601e-01,-1.080755665808966759e-01,-5.831792212594993224e-02,-1.178934628933016732e-01,-7.083382700220818007e-02,-4.964360559668714451e-02,-1.228413371377418267e-01,-5.362986225714564542e-02,-9.479064896251450378e-02,-1.142498704300684009e-01,-9.778489444693937160e-02,-1.227216932648601405e-01,-7.986124255871980548e-02,-5.145840432722735558e-02,-4.574763206360592249e-02,5.586216468771999268e-03,-1.331507782974673468e-02,8.163519521642591259e-02,5.988495923520729958e-02,1.103843532259004834e-01,1.590338223038836873e-01,4.655637318126327334e-02,2.401374797317218091e-01,3.038711223542153728e-01,3.357238674386855415e-01,3.479324478930823084e-01,4.474870528752792342e-01,4.760688559218114180e-01,5.544652125645360696e-01,1.000000000000000000e+00,5.219273899489295099e-01,4.817839967164067594e-01,6.753066229797469733e-01,4.100531403225645688e-01,1.948763444341003459e-01,5.235383148707841716e-01,2.238204991073869665e-01,2.085370784037813563e-01,1.761594612745557287e-01,1.644387880652723177e-01,1.006904606978188260e-01,1.010501189850771531e-01,8.186752682352201049e-02,7.034394372715276067e-02,5.100850139643831743e-02,1.005022236062034363e-01,8.065685066789004404e-03,-1.215819913894753551e-01,-1.366143733425028151e-01,-1.707818458544608231e-01,-5.718717424172209407e-02,-1.529491111848451657e-01,-6.258151685949341070e-02,-5.123892393636375608e-02,-1.368552244433927922e-01,-3.088373012488680389e-02,-1.206277163335315594e-01,-2.541970396773314891e-02,-6.128553404091760526e-02,1.479371602926921603e-01,-1.163463305421843091e-01,3.673691934928290798e-02,-1.337847239308954939e-01
6.318815944451636885e-03,1.157137211970097473e-02,2.350950914232574716e-04,-5.814984929407484605e-03,2.748478902726773573e-02,3.100845873371586500e-03,5.748787679735262862e-02,7.159340989220322991e-03,2.143015690460546227e-02,-3.560202815702473433e-02,-1.015236111331629248e-02,3.901181163727078516e-02,-5.216546257245339296e-02,-1.294968215596645732e-02,-6.028853458338925830e-02,-1.504540935688165795e-03,-1.457354997203200858e-02,-8.935717151780932233e-02,1.787108703692948802e-02,-6.406515410002432132e-02,-2.869017186553214291e-02,2.301983040642592657e-03,-2.837824312967062237e-02,-3.256057485244336774e-02,-3.275082659220236031e-02,-4.145955233676713175e-02,-6.926163517700378858e-02,-5.367094188412582095e-02,-7.848376882202981464e-03,-7.860102842389156408e-02,-1.055041897755523012e-01,-1.601714726038425407e-01,-1.217279609999928347e-01,-3.701959324863272199e-02,-1.292980627892138246e-01,-9.290208095728470783e-02,-3.731588844505646235e-02,-1.113812169839622918e-01,-9.417596361651567327e-02,4.309461715118516334e-02,-5.317917330963594334e-03,1.065888872479247261e-02,5.784321084081434777e-02,-6.759448536719790505e-03,2.756430757947203256e-02,1.100636499646917218e-02,-4.375432449793242862e-02,-1.201508527973774295e-03,-4.920564145810580464e-02,-3.411711871299738519e-02,-1.493065971668902127e-02,-1.570307991357217103e-02,-2.188748262742447933e-03,1.802827802396041439e-03,7.282223637808876715e-02,5.728388830834362649e-02,1.358660383389456161e-01,1.439397695666027321e-01,5.116674452109595816e-02,3.230738484591799686e-01,3.551755532234386337e-01,3.609563443445339415e-01,4.842894706754154455e-01,3.889980286310467661e-01,5.662977522198544555e-01,6.004084521001304964e-01,5.219273899489295099e-01,1.000000000000000000e+00,4.771893369807854168e-01,5.611955540232551609e-01,2.284217994979036159e-01,2.583453120459903718e-01,4.785717449196778550e-01,1.203625332100342754e-01,1.312584064971481501e-01,4.166576767940075032e-02,8.304403738436375026e-02,-7.471642327343064674e-03,-1.046375688761207873e-02,-1.634719676208502143e-02,-1.123652272702664427e-02,-5.167860054328683728e-03,2.010496335071283724e-02,-2.745079349720367171e-02,-1.831349624908320817e-01,-1.112359676053264745e-01,-1.344499573802624970e-01,-2.809998976829948189e-02,-1.372251322575325505e-01,-1.625158556991092296e-01,-9.534441836681235849e-02,-1.430019829654225749e-01,-1.019628211444700838e-01,-7.016538952910374161e-02,-2.612234986994313446e-02,-2.791076048239212891e-05,1.520060781999772459e-01,-4.933897479314610507e-02,1.849034939156847523e-02,-6.310228120239810834e-02
-9.830673777833425983e-03,-4.190643330269312045e-02,-1.943871764667572805e-02,6.043567213950757841e-03,-1.586271503916533362e-02,-1.251972213954602280e-02,1.054348589983356010e-02,-3.837802080274282240e-02,2.659240132149287214e-02,7.103053356941078922e-03,7.405778466844424590e-02,4.413237807987124839e-02,1.130493181579852492e-02,7.311708056303213923e-03,-2.821717890711625612e-02,2.827720972427702831e-02,1.301432830735768480e-02,-4.165172249118625353e-02,1.359996528631577870e-02,7.416832526335051003e-03,7.078340897275227882e-03,-5.534445282378092296e-04,2.600878476942082226e-02,4.251293268150535543e-02,3.744389382411551087e-02,1.745630901545911981e-02,2.508162225480090393e-02,9.329888905891904616e-03,2.154403966394393809e-03,2.785369855010462470e-02,-6.456791315813625864e-02,-1.025412805717346998e-01,1.088430174459648764e-02,1.425849861302477643e-02,-8.618449498401384301e-02,4.476369453790070285e-02,2.152096789809560679e-02,-5.720005846562692398e-02,2.398973995150990163e-02,9.442577191917732315e-02,2.164957073620481925e-02,8.850493364976423638e-02,1.147020151050679726e-01,2.126863306606388906e-02,1.218338786493144282e-01,7.690400947518082064e-02,7.837083358327057159e-03,3.648980774434711083e-02,2.716340195975004701e-02,-1.275012313374978591e-03,3.113042347969496859e-02,2.948424911102950300e-03,-3.698684799453270250e-02,-1.008793121075157728e-02,5.482348331227935440e-03,-2.266182243559956844e-02,5.277997655626526924e-02,5.365415588603206221e-02,-1.261856639549521764e-02,1.602476579746058838e-01,2.875504863749095419e-01,2.119183293143943603e-01,3.635780576707857148e-01,3.929016693167506902e-01,2.757495345059416403e-01,7.157551384536310346e-01,4.817839967164067594e-01,4.771893369807854168e-01,1.000000000000000000e+00,2.415707791760566825e-01,7.569904253327141945e-03,-6.061184409826844005e-02,2.453598940357634706e-01,-4.377049290945284749e-02,9.232776630980028473e-04,3.641031647290385309e-02,-2.398182632235975123e-02,4.768919925475524624e-02,-1.956833477823162384e-03,6.473788958822115913e-02,3.694087733134094470e-02,2.380296440578183459e-02,3.800048443656005998e-02,1.489425725629144048e-02,-1.118491750462856094e-01,-1.196155488561281843e-01,-1.331470350932161539e-01,-6.067993706558263978e-02,-9.670511584580747388e-02,-8.941433730179855488e-02,-6.973504867897844899e-03,-5.955854102811929118e-02,-2.161898525027269174e-02,-2.822641800346726432e-02,4.922913570866249700e-02,-2.896959475983702445e-02,1.243510630206959844e-01,-8.029446562111483554e-02,-3.836379950237673447e-02,-1.055549221633416968e-01
2.406434142336728518e-02,2.026071856656225939e-02,7.601245907434227116e-03,2.749473708923244955e-02,4.136356763604537301e-02,1.313419739451838868e-02,4.141892007562850836e-02,3.816036037929695923e-02,-3.606086468780824155e-03,-2.791443756548839597e-02,-6.543236597450724501e-02,7.783894141719372751e-03,-4.118443143512967586e-02,3.019364776650967225e-02,-1.391297625276769444e-02,4.058908712308029361e-03,3.863900032779791355e-02,-1.129739015460079349e-01,-5.267325509322496289e-03,-9.284845422668699944e-02,-3.728296805690701349e-02,-1.363113929238812284e-02,-7.054598838140113681e-02,-1.233564543857028767e-01,-1.344623863401750996e-01,-1.084898997951146277e-01,-2.107455566717153506e-01,-1.692860171371334266e-01,-8.086506166436437104e-02,-2.181185322807753513e-01,-2.364133342198325161e-01,-1.583393665049501187e-01,-2.153269876025591667e-01,-1.987019419565209388e-01,-1.974449522424273629e-01,-1.732323073469708152e-01,-1.891083109939221130e-01,-1.618435228616559307e-01,-1.861989878725875402e-01,-1.262449870610939384e-01,-1.415020725660856848e-01,-1.259297320574436219e-01,-1.093559769043914720e-01,-1.517755450269954176e-01,-1.007390993212982366e-01,-1.368578008493565312e-01,-1.094635754307308750e-01,-1.134988637357286362e-01,-1.257610185479174358e-01,-6.318760395591582757e-02,-6.461076949883227949e-02,-2.667272088743522993e-02,3.436140119857075681e-02,2.088654718105513539e-03,1.158071987601808489e-01,9.785219647094658968e-02,1.328311622507804823e-01,1.766009086735639555e-01,6.979115835839548587e-02,2.163938394590594061e-01,2.479371454427168886e-01,2.605005886358838230e-01,2.887125812957262450e-01,3.130198186466645605e-01,4.054343905637485812e-01,3.474000774987894280e-01,6.753066229797469733e-01,5.611955540232551609e-01,2.415707791760566825e-01,1.000000000000000000e+00,6.120333901070353910e-01,5.445952701712216681e-01,7.465982596611867583e-01,4.048202212341316941e-01,3.700020872336997058e-01,2.644581389396167270e-01,3.080920365548638906e-01,1.234853488948627481e-01,1.875180869278162687e-01,9.286103493940722764e-02,1.189524815067843216e-01,8.512167302574255578e-02,1.587688460104361432e-01,-1.287743195477134353e-02,-9.996123738350869148e-02,-1.195173449624644391e-01,-1.220298227050940210e-01,-6.771596209307575998e-02,-1.363024474127620678e-01,-2.734008666053116751e-02,-9.902736727482681911e-02,-1.522772238876921314e-01,-2.557885810044494695e-02,-1.865008342800856811e-01,-1.692552170929674804e-01,-8.642120976865057258e-02,2.003409009992991596e-01,-1.251629829314113429e-01,7.102225755433261289e-02,-1.029595521172063516e-01
2.175734235443076842e-02,3.931135987802537347e-04,-9.966393612652921924e-03,1.950054509124997393e-02,1.726730482681184189e-02,1.441521176895615292e-02,1.173445605794821815e-02,2.954743346304034707e-02,-2.482510972107056582e-02,-6.124590999665816687e-02,-9.539183346677661268e-02,-1.806674859290600260e-02,-8.330811718342127914e-02,-8.388717432621317638e-03,-4.347661928275049076e-02,-5.056849977477834157e-02,2.444405204996780503e-02,-1.014107141473093859e-01,-2.360601626356433752e-02,-9.932334828031164076e-02,-2.711755320376578460e-02,-2.009472385398112029e-02,-8.630421457718917555e-02,-1.566678833097666090e-01,-1.853525201434964020e-01,-1.213487637454008922e-01,-2.383344560239803733e-01,-2.220956611274564896e-01,-9.137707908343153940e-02,-2.259247104551377339e-01,-2.674589829218801396e-01,-1.023465853814937709e-01,-1.935762719191200520e-01,-2.680658765640431818e-01,-1.914731809396211515e-01,-1.545711336327859342e-01,-2.444442977778522041e-01,-1.315185184938668927e-01,-1.666293482227848011e-01,-1.787397013306054050e-01,-1.317941777643705237e-01,-1.092666117895769312e-01,-1.523338154538914635e-01,-1.304249058234838721e-01,-9.384689594852546612e-02,-1.468897351175637855e-01,-9.170318051142205273e-02,-1.144493924352891351e-01,-1.148791386791818830e-01,-7.774234479276401211e-02,-8.348946154207956272e-02,-2.912271764604175764e-02,-1.680644075719199895e-02,-2.219174554553403692e-02,6.847346533684549319e-02,4.520879286074074022e-02,8.155185972238693237e-02,1.226684332006635070e-01,2.985402191571123048e-02,1.038759785293908722e-01,1.234955441182756103e-01,1.298953091024605544e-01,1.461845502428395227e-01,1.563529072991778346e-01,2.115383070937113530e-01,1.331383568529509454e-01,4.100531403225645688e-01,2.284217994979036159e-01,7.569904253327141945e-03,6.120333901070353910e-01,1.000000000000000000e+00,5.077770279747202409e-01,4.893596649627679485e-01,6.892960376654203580e-01,4.665597982980514424e-01,3.642173501121833690e-01,4.471113767327088984e-01,1.746428066972894322e-01,3.203403616644767138e-01,1.562621552722056328e-01,2.037590325240162537e-01,1.238363432096714900e-01,1.623827836959410298e-01,-4.514073826660971317e-02,-3.059975268866721443e-02,-5.257338939786296989e-02,-9.398341984449731790e-02,-6.395984107274967079e-02,-4.848078021658036585e-02,8.374535614876836565e-02,-3.061778793168151366e-02,-9.824012070008004971e-02,8.902069330493370125e-02,-1.426457118062113560e-01,-1.540309233916909992e-01,-1.862251200392600337e-01,1.113241614405127006e-01,-2.007529976024515772e-01,-3.339529122470708683e-02,-1.565067810668162307e-01
4.969600166680402352e-03,2.366551216221041490e-02,1.325235479763793231e-02,6.779582563885890381e-03,4.090833408836670737e-02,3.142054058350492868e-02,1.225165852332678156e-02,3.805611864896225882e-02,1.542783213245387322e-02,4.195196582536526997e-02,-3.426944332067417831e-02,4.633210700429848256e-03,2.053148380693644789e-02,6.672560880681596696e-02,3.190507283687793461e-02,2.087292402862634191e-02,4.835270535336338299e-02,-4.918320897293099875e-02,2.447634184886262818e-02,-4.054529322656856560e-02,-1.700454035642909659e-02,4.900627647356160278e-03,-5.023084936738367312e-02,-9.784751722278388353e-02,-1.264675006580840422e-01,-6.334607419427039365e-02,-1.815777123851066432e-01,-1.332275423333861841e-01,-6.058925125953937979e-02,-2.089271056691743289e-01,-1.367179170888251083e-01,-9.525058984230307113e-02,-2.120941228367726472e-01,-1.551241507680307941e-01,-1.289619219531378536e-01,-1.994172095760167185e-01,-1.649842701240594733e-01,-1.083146822004070614e-01,-1.926928260184848085e-01,-1.324134034249930258e-01,-8.876006697143594415e-02,-1.156141974785084570e-01,-9.710662680419505921e-02,-6.218476156056584880e-02,-8.470531613023112028e-02,-8.186770912784600840e-02,-3.417511651971048836e-02,-8.107578682725710695e-02,-8.285675493816231640e-02,-4.962837372749754998e-03,-7.292336102645789742e-02,-1.784887627656926365e-02,2.789984284562629577e-02,-3.656037264843182283e-02,5.823346490014989080e-02,5.980513400157271703e-02,5.098328866272987259e-02,9.361604270704977637e-02,3.116248804445018172e-02,6.733493746913969680e-02,6.359094981465790442e-02,7.928699630550345434e-02,8.611270476262616880e-02,7.016246129559201850e-02,1.337827600825663432e-01,8.010374430137499890e-02,1.948763444341003459e-01,2.583453120459903718e-01,-6.061184409826844005e-02,5.445952701712216681e-01,5.077770279747202409e-01,1.000000000000000000e+00,4.700766739904131408e-01,4.641515060032134210e-01,3.610504839518256515e-01,1.862251706362224868e-01,2.854247968857969719e-01,7.878627712682466366e-02,1.537686838802213296e-01,3.124171072178383649e-02,6.545238838768170642e-02,3.977136688928887415e-02,8.584650437955325397e-02,-7.216239852308645175e-02,-3.313952275209851306e-02,-2.019951965674706904e-02,-5.218460713903126658e-02,-3.354909358739346925e-02,-4.100393496663105875e-02,-8.891617266924356847e-03,-1.022764743448865143e-01,-1.179815683368141133e-01,-4.339452782565965394e-02,-1.316925711708969993e-01,-2.212957696774341398e-01,-3.397056890699308440e-02,1.477259955105701406e-01,-6.707848493319112926e-02,1.112569441117290669e-01,7.546865040387698217e-03
-7.529282142812441549e-04,-1.165836188833449701e-02,-3.384265496464081840e-02,-6.998442610535771796e-03,6.650038562838308555e-03,2.089236026099430474e-02,1.575632103231438402e-02,2.103624442217528773e-03,1.571776528079632182e-02,-5.224549435414791235e-03,-3.916973184706172562e-02,1.440936893503499266e-02,-2.633756784536167919e-02,2.178075980521329211e-02,-2.475172655086759627e-02,1.874473869774071627e-02,2.138051513121146802e-02,-1.146963835167767870e-01,-2.668468390403608975e-03,-6.367301515664176847e-02,-4.660024868639294632e-02,-1.378884617887912896e-02,-4.680370615244935917e-02,-9.380803095749229437e-02,-5.128736189829414399e-02,-5.683843070865900876e-02,-1.630888503877648554e-01,-9.148405768675457739e-02,-6.073382209904080314e-02,-1.741379276597488923e-01,-2.102203812045946030e-01,-1.290791268114318546e-01,-1.667741964569789959e-01,-1.786593925510042702e-01,-1.750057135210429382e-01,-1.170310297441727598e-01,-1.580892133488496776e-01,-1.382559484923946425e-01,-1.570280324513738390e-01,-8.864525472089226921e-02,-1.124313424347209017e-01,-8.017544964707007393e-02,-6.438666215392399583e-02,-1.072329870293269177e-01,-2.876429361060278342e-02,-7.783855217696586393e-02,-5.417917801950270645e-02,-4.854902861778316592e-02,-4.669899785425789263e-02,-1.265359275560823220e-02,-8.022685877716770678e-03,1.158140903589364654e-02,3.907854347242020049e-02,4.296225633625028184e-02,1.040279177243057240e-01,1.007439174270423898e-01,1.500838052540742762e-01,1.559976281943292464e-01,8.925914421410491295e-02,1.801636463223175166e-01,2.087735679223605978e-01,2.001119402025472171e-01,2.354049392326287571e-01,2.296391452478663830e-01,3.106266335558798275e-01,3.218668166223976335e-01,5.235383148707841716e-01,4.785717449196778550e-01,2.453598940357634706e-01,7.465982596611867583e-01,4.893596649627679485e-01,4.700766739904131408e-01,1.000000000000000000e+00,3.438201988532789133e-01,4.057200253848434190e-01,2.970987753614810489e-01,3.336976694576820335e-01,1.723278658324234047e-01,2.115173815684610326e-01,1.505663680087834799e-01,1.565793041092527482e-01,1.145166961582043952e-01,1.479301879559638822e-01,-5.226285842835743517e-02,-7.075347378006716093e-02,-1.180715065365106065e-01,-1.160705124977353120e-01,-9.846754458909266761e-02,-1.161042814766451853e-01,-1.146838151852738394e-02,-9.145872096998965139e-02,-1.310217941250862161e-01,8.994927879713515359e-03,-1.766314696455391353e-01,-1.656822469509001694e-01,-1.007070266776963069e-01,1.764933966905903873e-01,-1.402867780839278933e-01,5.108950681703453012e-02,-1.069686642019162248e-01
1.284718345109143317e-02,-2.406514989513907233e-03,1.629475232165602519e-03,1.036867679121892920e-02,1.578954095658050005e-02,3.681520345869222083e-02,1.609629712836138302e-02,2.414773310005279353e-02,9.534807589938304115e-03,-1.778670360620423704e-02,-3.282667492255358227e-02,1.272403739593525041e-02,-2.992490333761651730e-02,1.841547224795104035e-02,-5.253495797035245482e-03,-2.829401008950472446e-02,4.712936339856590995e-02,-6.386140885479262008e-02,-1.650154668076901990e-02,-5.202729475062085884e-02,-3.437286932672081741e-02,-1.965606252614346058e-02,-5.244174031596603169e-02,-1.031357424480002227e-01,-1.654474595878907828e-01,-5.952975458191358399e-02,-1.922624992947183642e-01,-1.800856170140466006e-01,-4.198658970503244686e-02,-1.935120924842624879e-01,-2.438906901294702334e-01,-1.026211774530877696e-01,-1.665970469430470280e-01,-2.350521069017593168e-01,-1.890259684988185029e-01,-1.258119697350378874e-01,-2.026582056867619608e-01,-1.418625583753245489e-01,-1.366240869213133924e-01,-1.376845705240538342e-01,-1.332262577560802408e-01,-9.839159877880170046e-02,-1.318086444641679289e-01,-1.291552406007602238e-01,-9.246169243227472800e-02,-1.161604952230813753e-01,-8.196877345946179672e-02,-1.124495037828255189e-01,-1.079102337301780928e-01,-6.399779207998873565e-02,-8.381109739211581311e-02,-2.327644111572366864e-02,-5.402424359859698405e-02,-3.542038886516458290e-02,3.078656798725356442e-02,-1.811698989736222967e-02,3.700127670486292458e-02,6.525542174837938025e-02,-2.695063159208085576e-02,6.062362882638516748e-02,6.335406990101109803e-02,8.927066899450107618e-02,5.737146416579771979e-02,7.650667915384008755e-02,1.003309029648923600e-01,5.709868424757514466e-02,2.238204991073869665e-01,1.203625332100342754e-01,-4.377049290945284749e-02,4.048202212341316941e-01,6.892960376654203580e-01,4.641515060032134210e-01,3.438201988532789133e-01,1.000000000000000000e+00,5.014704833845272658e-01,4.872808946696761678e-01,5.160573616446186840e-01,2.389157396733776750e-01,3.516018662266812145e-01,1.804915638133882672e-01,2.391740680668268115e-01,8.908964173152171540e-02,1.268208541933431299e-01,-2.638685310203855647e-02,-1.930239805602581432e-02,-5.500730393191684275e-02,-7.610197316647000776e-02,-6.214409499691576910e-02,-5.660345037921581113e-02,9.228113886034083890e-02,-1.853053807761292915e-02,-9.910016515698136241e-02,6.823011472254399135e-02,-1.363340126305696565e-01,-1.308432500224908923e-01,-1.469716555734469909e-01,1.158158314063432726e-01,-1.623182168925034474e-01,-5.342694726906280223e-02,-1.435358278094073514e-01
2.662393525262512356e-02,2.821814296333914618e-02,1.584403743789522881e-02,2.257713504636331414e-02,2.630309087973744381e-02,3.424336338727849982e-02,1.121375054064913807e-02,1.988603449710085042e-02,3.348121416971093500e-02,6.093418052684732196e-03,8.331574460032173824e-04,3.613931078320514745e-02,-1.417749137612612717e-02,9.247746586160900464e-03,-3.466639359768804163e-02,9.263165770491079212e-03,1.823330525771020214e-02,-7.883127187309442452e-02,-4.119470862340857825e-02,-2.289138259867382064e-02,-3.543285247119892095e-02,-2.970080087406481301e-02,-6.040898801915663141e-02,-1.116588310333693768e-01,-1.129519651834189065e-01,-6.209089884227356193e-02,-1.882773255501527243e-01,-1.589050054804261314e-01,-9.268115056941965413e-02,-1.932941993876567954e-01,-2.499071009764649021e-01,-8.787110972343259441e-02,-1.658768100440569659e-01,-2.408204150131506571e-01,-1.570167640918695706e-01,-1.125845295648037758e-01,-1.909688852096587952e-01,-1.261259331587094856e-01,-1.543886934276615663e-01,-1.456455060179574212e-01,-1.228511425141299712e-01,-1.009615175305207391e-01,-1.370212380945732555e-01,-1.120896014356537324e-01,-8.248273304309616805e-02,-1.000616915259322226e-01,-7.560238654459265628e-02,-9.199244255227749523e-02,-5.540789981451963581e-02,-4.401445388206796927e-02,-3.857797012665523106e-02,2.164314822536066510e-02,-1.010729217853728471e-03,-6.503184294679547868e-04,7.634877708852026712e-02,3.734718208767431186e-02,6.235408225514305069e-02,7.472470476349447888e-02,-1.041645592405807466e-02,5.677780510645877993e-02,6.253814456706377478e-02,9.155804438794698519e-02,3.033247774706105543e-02,7.650415524755856123e-02,9.072125483719009620e-02,8.409532710688875923e-02,2.085370784037813563e-01,1.312584064971481501e-01,9.232776630980028473e-04,3.700020872336997058e-01,4.665597982980514424e-01,3.610504839518256515e-01,4.057200253848434190e-01,5.014704833845272658e-01,1.000000000000000000e+00,5.488244729661132526e-01,6.700499283317681298e-01,5.225684158111070232e-01,4.002525747080086793e-01,2.890593367954527038e-01,2.327750735419939487e-01,1.422002748881093237e-01,1.649941656795261558e-01,-2.123821941674596328e-02,-2.455411058509418196e-02,-5.480847030125132052e-02,-6.259544926913010454e-02,-5.497233755934633620e-02,-6.874569867381388755e-02,9.052755358566377808e-02,-5.174687095066780873e-02,-7.882771078284205035e-02,8.827012371879443264e-02,-1.792249516039135793e-01,-2.159011010351441773e-01,-1.833014683837980163e-01,1.247866689994397704e-01,-1.980023392322989018e-01,-4.052479884752908414e-03,-9.538872323593859670e-02
3.448219682042805243e-03,-1.604785155938661181e-02,-2.261616192477942933e-02,-9.329611352889578477e-03,6.682879485794607742e-03,4.959732644471551155e-02,8.327234906485082508e-03,-6.968922620904805659e-03,4.256845276874362399e-02,1.571457918854534189e-02,2.681681762628928406e-02,3.585000199032289947e-02,1.470428941736242126e-02,9.711647341169239028e-03,-2.212635705506193519e-03,3.150695313959296640e-02,4.406185626398325533e-02,-5.672487950524415790e-02,-3.682062974650793241e-02,-1.525449752278902268e-03,-2.147018008221258240e-02,-1.988602560677593667e-02,-2.135679896581739803e-02,-8.096499168448059724e-02,-5.453237495994443795e-02,-2.776250748759812384e-02,-1.486372981737787979e-01,-1.236981061606599597e-01,-6.520533185592973513e-02,-1.552734415681227276e-01,-2.249285575973102858e-01,-5.714053260661475231e-02,-1.098600965556979919e-01,-2.175532499382201446e-01,-1.255523583098250573e-01,-5.231451195249299524e-02,-1.519448347497293073e-01,-9.927268546469697474e-02,-7.473618859334324460e-02,-1.101917749358498899e-01,-1.188542190140969568e-01,-6.786113674732389967e-02,-1.441859652277596715e-01,-1.401562669627014479e-01,-7.559893435616422963e-02,-1.192116037368042974e-01,-1.069808287486589821e-01,-1.162604008896365448e-01,-1.034017877149803477e-01,-9.233637709273327665e-02,-5.079695485017936274e-02,-2.357366779119748207e-02,-6.215219411477316408e-02,-3.274134798608913099e-03,1.171064869914147447e-02,-8.691889425792732188e-03,4.705331534221769696e-02,2.680863525410534173e-02,-5.556852947375161972e-03,2.927171324119248741e-02,1.738951725092720627e-02,3.428682774202893718e-02,1.198986753112387532e-02,4.936879433108073284e-02,5.869777634588830423e-02,5.939504541992837033e-02,1.761594612745557287e-01,4.166576767940075032e-02,3.641031647290385309e-02,2.644581389396167270e-01,3.642173501121833690e-01,1.862251706362224868e-01,2.970987753614810489e-01,4.872808946696761678e-01,5.488244729661132526e-01,1.000000000000000000e+00,5.236711256278340221e-01,4.807990601848959877e-01,4.370377950524902966e-01,2.855800723302531763e-01,2.649413208940561426e-01,1.496570836401346360e-01,1.680486857336545292e-01,1.297513943414115023e-02,9.274538097634869513e-03,-4.865156286651409201e-02,-7.074719831592307662e-02,-5.724782603471309517e-02,-5.310501142407956371e-02,1.032467221362208531e-01,-1.463162553043599774e-02,-4.811216160752983251e-02,7.780126628443272130e-02,-1.317937957085847378e-01,-1.346213330365319816e-01,-1.517671280848706117e-01,8.348094061862626480e-02,-1.564947717781439152e-01,-4.875661389271205431e-02,-1.511154940438617644e-01
4.547731777017614829e-02,5.640019409401531014e-02,4.912788106797686544e-02,4.606952783269983170e-02,6.034592948307575255e-02,7.278233709035775156e-02,3.951620491402667995e-02,5.068644016083825865e-02,5.969535824751440178e-02,1.296658371314971317e-02,4.344613658215263317e-03,5.655632949541657128e-02,-2.456211106926976806e-02,-8.127387559539541242e-03,-5.053098265569334890e-02,-4.256788053467040756e-03,1.957308659794403799e-02,-8.518310818841057230e-02,-5.764933788012244903e-02,-5.914449229187977025e-02,-4.334936620769459792e-02,-5.137912435288945201e-02,-6.852716900509854547e-02,-1.396859585023563499e-01,-1.151710187525028656e-01,-8.403140398003564049e-02,-1.812726502399505946e-01,-1.187009091965587071e-01,-8.096374630569197484e-02,-1.696813290343418545e-01,-2.202663931355602067e-01,-6.796151092729693644e-02,-1.336917453462522776e-01,-2.175357067648222009e-01,-1.468866225617306842e-01,-7.472415188073000536e-02,-1.715389363530200606e-01,-9.636505354943233903e-02,-9.274223672178084910e-02,-1.062087366474851746e-01,-8.294859624558370559e-02,-4.098845759030159130e-02,-1.012800591555014645e-01,-8.015351008197869886e-02,-3.961155345426657648e-02,-6.184347271663204887e-02,-3.445931086429387946e-02,-6.801133981162335584e-02,-2.754700951860010461e-02,-2.576282011256506022e-02,-4.431477629838634358e-02,3.092474533154898619e-02,-2.208351681250462009e-02,-5.388856151898019364e-03,8.987233391093384094e-02,3.642996025291983520e-02,7.458722516322419116e-02,8.324745670943135833e-02,-6.275543490363813537e-03,2.955740284013028824e-02,1.715645889961084011e-02,4.298741279893297795e-02,9.437609180405572007e-03,3.281553083198444909e-02,4.926912134247675434e-02,4.781870045026312410e-02,1.644387880652723177e-01,8.304403738436375026e-02,-2.398182632235975123e-02,3.080920365548638906e-01,4.471113767327088984e-01,2.854247968857969719e-01,3.336976694576820335e-01,5.160573616446186840e-01,6.700499283317681298e-01,5.236711256278340221e-01,1.000000000000000000e+00,4.607628142461558940e-01,5.213274398888595451e-01,3.137230961399634088e-01,3.003491982914038849e-01,1.532743991428213159e-01,1.794679439789314268e-01,-5.595345611561581591e-03,1.447287236708037772e-02,-7.310354658019740937e-02,-5.692812532847708190e-02,-8.149281503118890879e-02,-5.385516464523407848e-02,1.211325749016696485e-01,-1.097765528443570525e-02,-5.994581590945557981e-02,1.047620193208574357e-01,-1.348838905491177853e-01,-1.726727625885095541e-01,-1.788445582637323006e-01,9.723884096079449257e-02,-1.844061875438705589e-01,-3.682583323260327918e-02,-1.139523058710830566e-01
1.242945895127241414e-02,-5.941455926964754088e-03,-6.972196718367660445e-03,1.034847423503494623e-02,6.704054676571968244e-04,2.361459795379575524e-02,-3.222871885267120790e-02,-2.311513464631326578e-02,2.071707145962541421e-02,4.527846289914066145e-03,8.470169861877461376e-03,1.778502109885436028e-02,-1.153825820456678801e-02,-4.703358829456845587e-03,-2.562997762016457765e-02,7.900795974437007166e-03,-1.546163948207632081e-02,-6.129527733423543318e-02,-3.754302370750701306e-02,-2.324202961340634740e-03,8.345246056444594236e-05,-3.778029279286256731e-02,-2.304060046754389385e-02,-3.550750252573928178e-02,3.114322435471772021e-03,-2.324423472271216432e-03,-2.517971233501588302e-02,-2.024555460208852728e-02,-2.155147809394499306e-02,-1.737888992537877514e-02,-1.816017822206099364e-01,-8.803330941234070728e-02,-1.460583225911899104e-02,-1.325956608781977408e-01,-1.233147989788378196e-01,1.940898707285853425e-02,-5.477647426319350726e-02,-1.220676879591425096e-01,-2.631444499087149877e-02,-2.259941419779150709e-02,-1.147652818640248623e-01,-3.030522934164088869e-02,-1.564387174136871311e-02,-1.066181971190142685e-01,-5.024268908199967798e-02,-1.620117601571024329e-02,-6.907134656349990520e-02,-4.603347427627745014e-02,9.137748278420371184e-03,-3.912449525118007893e-02,1.657308280922979715e-02,4.203336423920209924e-02,-3.106970518650232702e-02,1.469236969010007283e-02,4.476470789484975760e-02,8.593254290540587939e-03,2.960082748087279614e-02,5.841980713490107363e-02,-4.008270257801655606e-02,-1.056767984956195026e-02,4.898462784142989385e-02,5.834065923274481258e-02,-3.718520337769450068e-02,6.048818600949577851e-02,-2.354886193839668754e-02,4.743440328409301299e-02,1.006904606978188260e-01,-7.471642327343064674e-03,4.768919925475524624e-02,1.234853488948627481e-01,1.746428066972894322e-01,7.878627712682466366e-02,1.723278658324234047e-01,2.389157396733776750e-01,5.225684158111070232e-01,4.807990601848959877e-01,4.607628142461558940e-01,1.000000000000000000e+00,4.021362730609612801e-01,2.922699038158939056e-01,2.502404317014497726e-01,8.611160225214008201e-02,1.224844007538933854e-01,3.365050051708624868e-02,-4.806665329466398850e-02,-9.789304046198012144e-02,-2.912882646530192549e-02,-5.991064404604046906e-02,-1.184650859828548231e-01,-5.124010760621601317e-03,9.129087278251638016e-03,-8.952531244145328637e-02,5.344515974768019456e-02,-1.435043147592223456e-01,-7.966820538684368791e-02,-1.297388506617797588e-01,1.206658235497745923e-01,-1.463796498859461226e-01,-7.100122935470948304e-02,-1.421543193264328264e-01
-1.260567033863897388e-02,-2.257520783693908392e-02,-7.936090893192034035e-03,-1.723946100970241702e-02,-7.835884216144445649e-03,2.670687305752885571e-02,-4.190818801557864154e-02,-2.377653161864663571e-03,-9.414605806130792913e-04,-1.553310269118463385e-02,-1.920233558690904660e-02,8.141516088775144905e-03,-3.838438499466464288e-02,-2.874457533731406000e-02,-4.880536211951950337e-02,-1.661283682382579119e-02,-2.142682039140440114e-02,-7.460662941537504755e-02,-9.408376890621460154e-02,-6.991953447887237771e-02,-7.796016105381417538e-02,-5.764323774891350061e-02,-9.368992256315865352e-02,-1.395055649236003059e-01,-8.924664650487655615e-02,-1.111481933201610151e-01,-1.546123406980188797e-01,-1.021516028608611126e-01,-1.205057861976774336e-01,-1.006243919697415862e-01,-1.999153469186269183e-01,1.784160353949158090e-02,-2.817360014636835497e-02,-1.991290046351970600e-01,-7.388890385793007998e-02,1.629776159776478300e-02,-1.242813981291976538e-01,-5.779702859568996293e-02,-8.248681139651195884e-03,-6.346210551765922581e-02,-7.368285047554090639e-02,-4.317891188850959093e-03,-9.353539315881113925e-02,-1.008832441463187179e-01,-7.087766063556134866e-02,-9.521506322301330483e-02,-8.511338930755338317e-02,-1.413414218158947910e-01,-9.099081519428406373e-02,-1.072302288562455297e-01,-9.169422838647393881e-02,-6.100826611793737364e-02,-9.655319962392740207e-02,-8.078911565689390895e-02,-1.512660864109631464e-02,-4.050625666310860018e-02,6.418361251000407122e-03,1.048014063983185654e-02,-4.173314609814734316e-03,-1.288719654808487269e-02,-1.860735804888465419e-02,-3.892524555601241734e-03,-2.347014813353316340e-02,1.457085280526394626e-02,-6.788628873276440420e-03,2.351976747950126553e-02,1.010501189850771531e-01,-1.046375688761207873e-02,-1.956833477823162384e-03,1.875180869278162687e-01,3.203403616644767138e-01,1.537686838802213296e-01,2.115173815684610326e-01,3.516018662266812145e-01,4.002525747080086793e-01,4.370377950524902966e-01,5.213274398888595451e-01,4.021362730609612801e-01,1.000000000000000000e+00,5.429706267916154516e-01,6.383971992527800454e-01,3.475311280601580677e-01,3.333156679611189999e-01,7.226070493243669235e-02,1.678149856050149547e-01,1.803170639181384677e-02,4.088810427038717249e-02,-9.757736052549459416e-02,5.835677665949214749e-02,2.362538739541695521e-01,1.277730165556895114e-01,1.893930674177359344e-02,1.928948768982509110e-01,-7.945134504878090254e-02,-9.604509791316827305e-02,-2.024506555614556669e-01,2.834799477872995341e-02,-2.242497844399691243e-01,-1.066338200524427487e-01,-1.349155817073547925e-01
-5.167795695809947187e-03,-3.839908212309866425e-02,-3.760656391866922660e-02,-1.884221202138690668e-02,-3.525013035637571818e-02,1.142487824884102013e-02,-4.240980964069056974e-02,-3.397390548221862483e-02,2.301139251100531649e-02,4.412167358855847293e-02,6.096350839047904452e-02,1.571921630040598594e-02,5.070435843302805584e-02,3.817378783406814163e-02,-5.966520526636501232e-03,4.585661865202769749e-02,2.293090545343703934e-02,-3.218105412433514001e-02,-2.398157388775721058e-02,-2.693015636128224741e-02,-3.291874317076462497e-02,-2.766252524847647234e-02,-5.947537113738939757e-02,-7.316456556863815130e-02,2.055813748561530121e-03,-5.956996329829749443e-02,-9.623358073706586580e-02,1.002912185803635919e-02,-1.016233782664578283e-01,-8.075035578831951666e-02,-1.608795399875463383e-01,-1.770976950574863415e-02,-4.509603777722951540e-02,-1.509044356070639858e-01,-1.003869451399363039e-01,-4.194569334581636257e-03,-9.805182987319216448e-02,-6.577705858193889921e-02,-3.805030483791608381e-02,-3.522642145144055936e-02,-8.406789251537652441e-02,-4.013353254199084758e-02,-6.100851929251652206e-02,-8.746765984624242651e-02,-5.889281396650893063e-02,-7.098060753101319287e-02,-7.630094865142043881e-02,-1.331461594179192964e-01,-5.309330885368844510e-02,-8.319082726035210984e-02,-8.660529079077466941e-02,-3.356351374915454711e-02,-9.081688405550629450e-02,-5.373043188891026695e-02,5.171774847554406508e-03,-3.204294724240833170e-02,1.185962162819163140e-02,1.915984686550203583e-02,5.834229715061876702e-03,4.555953131814300533e-02,-5.640615968139632563e-03,1.323128720725674605e-02,-2.410486912683532795e-02,5.262953845713770618e-02,-1.543666252552084936e-02,5.275125324624085899e-02,8.186752682352201049e-02,-1.634719676208502143e-02,6.473788958822115913e-02,9.286103493940722764e-02,1.562621552722056328e-01,3.124171072178383649e-02,1.505663680087834799e-01,1.804915638133882672e-01,2.890593367954527038e-01,2.855800723302531763e-01,3.137230961399634088e-01,2.922699038158939056e-01,5.429706267916154516e-01,1.000000000000000000e+00,4.801261758764457932e-01,3.792831391353567172e-01,4.224549270327361827e-01,1.565582184990652881e-01,1.289902961394646663e-01,-2.202073256800100506e-02,-1.171201816426457008e-02,-1.481248145855885989e-01,4.258392892905662336e-03,1.311143396366890868e-01,4.754872932617515424e-02,-1.746436005809803502e-02,8.781733291623919357e-02,-1.276582547978022120e-01,-1.343377472529460048e-01,-1.419252622371090788e-01,6.521673207685123319e-02,-1.420524515398345344e-01,-4.154859178748875059e-02,-8.312012652985754924e-02
-2.501824850953598620e-02,-3.722938896162987510e-02,-2.197634786153760886e-02,-3.272047429983749450e-02,-2.221563561407120108e-02,1.550466705829650974e-02,-3.385692937308414779e-02,-2.361297635455056332e-02,4.294730021848064232e-03,-2.340869550870531071e-02,-5.224327618266486582e-03,1.506355264370689943e-02,-4.946692852783842603e-02,-4.009255427834065855e-02,-7.345985290396953027e-02,-1.145421023671729446e-02,-5.158867493890938877e-02,-8.093342225756260111e-02,-5.511923891830682043e-02,-6.849602761032271003e-02,-7.452443470218522714e-02,-4.066774960457515686e-02,-9.545599197803394942e-02,-1.244203917322051489e-01,-8.806339410809893575e-02,-1.151614112941647394e-01,-1.070376306373227865e-01,-9.377870965603489484e-02,-1.251547244975522444e-01,-3.689355021801937751e-02,-1.474635796687460976e-01,-2.301762416430699551e-02,5.913919185171611671e-03,-1.287064331172590448e-01,-8.678860696935293551e-02,5.388796033275948527e-02,-7.096666027126262433e-02,-5.716065026157830103e-02,-1.354937078425083076e-02,-3.396440020716263303e-02,-6.505829568878883362e-02,1.923680321494166540e-02,-6.050292505358417783e-02,-5.702139756114386199e-02,3.484026075394951009e-03,-7.310279802223823564e-02,-3.087032837887765391e-02,-6.237543231066592503e-02,-3.738607991086897314e-02,-6.040917180877491965e-02,-2.710265808033886920e-02,-3.774100488221260319e-02,-4.077827138293155240e-02,-1.994581286604331372e-02,1.002136664360419281e-02,-2.225342092048797696e-02,7.440745777285881490e-02,5.173689139572177492e-02,3.800560124035030907e-02,3.974609720010854191e-02,1.811510863486754871e-02,3.999645791230066472e-02,5.188150896220660932e-03,5.708926315105386506e-02,-2.783990004482751052e-02,5.337382909606448039e-02,7.034394372715276067e-02,-1.123652272702664427e-02,3.694087733134094470e-02,1.189524815067843216e-01,2.037590325240162537e-01,6.545238838768170642e-02,1.565793041092527482e-01,2.391740680668268115e-01,2.327750735419939487e-01,2.649413208940561426e-01,3.003491982914038849e-01,2.502404317014497726e-01,6.383971992527800454e-01,4.801261758764457932e-01,1.000000000000000000e+00,3.007489068055919645e-01,3.507463156527620973e-01,7.502067855953008235e-02,1.685430638637674949e-01,4.618381105600358714e-03,-2.625148247329039605e-02,-1.051377885099984560e-01,2.865019896113547154e-02,1.776107309502539255e-01,9.414940623593917590e-02,9.386502152127463097e-03,1.231015148742135024e-01,-4.149297857148145224e-02,-5.397359955900635914e-02,-1.723696900843529889e-01,2.747659310471879321e-02,-1.958006197144896432e-01,-1.058493509719057313e-01,-1.312006721318217939e-01
-1.825546493615863575e-02,-1.258829734236143827e-03,-2.651555722631956241e-02,-4.443720408733600746e-02,1.401641615832195133e-02,3.638944491742756443e-02,-6.783938360798631197e-03,1.094448754544841487e-02,3.771000928741196495e-02,2.814758187080879104e-02,1.615514616601954404e-02,4.476409932169932854e-02,8.901674719801695723e-03,-2.353020956261299076e-02,-1.798898574860970101e-02,-2.796782613171280071e-03,-3.707167215892836348e-02,-9.155146868275372898e-03,-2.052423474878181317e-02,-1.546078153602915839e-02,-4.042811376094371939e-02,-1.276600307508666578e-02,-8.284811217751557669e-03,-8.651977111175122859e-02,-1.518827377393762272e-02,-1.006082248815891866e-01,-6.763195656336107309e-02,-1.632133481898522323e-02,-1.288569217286604229e-01,-3.849605974734156277e-02,-9.042075983725397781e-02,-2.315239768169272128e-02,-1.260344222237781177e-02,-1.014897962892183508e-01,-8.867270475210624336e-02,1.055814606943290129e-02,-7.650235846701647358e-02,-5.992122784325942808e-02,-2.289588912630626666e-02,-4.896897922049837232e-02,-9.918670425296996496e-02,-2.663344170807325703e-02,-3.291701961194225257e-02,-5.876654208375567401e-02,-3.851104997259869461e-02,-2.161425637131344363e-02,-1.356094514734304838e-03,-6.305920638167039627e-02,1.126188086918874544e-02,-8.928959976555029751e-03,-2.169540135836645761e-02,1.922794666219468374e-02,-3.872724442273023891e-03,2.233172363644264635e-02,4.805216169868275350e-02,1.504561971515675639e-02,4.309144972921840483e-02,2.535454985967097730e-02,2.445517888577267152e-02,3.836398612863518159e-02,5.091069206303988799e-03,1.766368424314015625e-02,-1.487431726637630097e-02,1.149828353016306252e-02,-1.378073210363999976e-02,1.688334294360085974e-02,5.100850139643831743e-02,-5.167860054328683728e-03,2.380296440578183459e-02,8.512167302574255578e-02,1.238363432096714900e-01,3.977136688928887415e-02,1.145166961582043952e-01,8.908964173152171540e-02,1.422002748881093237e-01,1.496570836401346360e-01,1.532743991428213159e-01,8.611160225214008201e-02,3.475311280601580677e-01,3.792831391353567172e-01,3.007489068055919645e-01,1.000000000000000000e+00,1.962303453574433254e-01,-1.906463399203748577e-01,1.816838825271844815e-01,5.145644879297225915e-02,2.751726198570860621e-02,-1.349141440333784525e-01,8.672864633353320751e-02,8.828409788096218402e-02,3.200994039448543105e-02,-8.409486013789357547e-03,2.173919336615395478e-02,-5.427141547924277387e-02,-8.482837089324841984e-02,-1.478773461794316291e-01,1.519289296274946299e-02,-1.340785849136430508e-01,-7.697290739085813072e-02,-9.505228216402407393e-02
2.328329027251123309e-03,-2.316594914744543598e-02,3.548560953372131149e-02,-8.385522517627504516e-03,-3.171871197107924145e-02,2.570776740586210290e-03,-1.326303697012081242e-02,-4.390265933038492441e-02,3.206461314187475375e-02,4.396139076846285881e-02,4.302968969770200325e-02,2.868864106540509190e-02,6.023638629185310706e-02,5.388811399060072088e-02,6.144277293110012896e-03,7.676607618673685074e-02,2.249678485272129172e-02,-2.093350688989592534e-02,6.136390443985749454e-03,4.261096973253314379e-02,3.588749246968461759e-02,4.823511744358584480e-04,1.960624050776023017e-02,-6.010417624800426517e-02,-3.403358580445241949e-02,-5.376310358326844702e-02,-1.422202035571327461e-01,-4.800511538685095503e-02,-7.720487707200943128e-02,-1.348486587667006575e-01,-9.311286429629565820e-02,4.236695863806647783e-02,-8.089334791222854704e-02,-1.137214741509905841e-01,-2.217618332833233910e-02,-4.273842245912448656e-02,-7.432808998658960165e-02,-1.173835733482716734e-02,-2.358964397459373599e-02,-3.327778471991077458e-02,-4.097502754590905821e-02,-1.203976526522409531e-02,-3.359793101665351639e-02,-5.603071285857104400e-02,-2.430536695633496794e-02,-4.772285556792786598e-02,-5.320016824222308094e-02,-7.199512604193085419e-02,-5.236190547560393843e-02,-4.406651796231247226e-02,-2.701431985901661323e-02,-2.584343783406749598e-02,2.388893396824810431e-02,-6.469096863374666599e-03,5.331692128807657971e-02,3.683491865145988725e-02,4.620304892526592294e-02,9.678241734563761134e-02,4.255688872207506745e-02,5.528355426422019298e-02,1.883295894869540382e-02,4.352910708962087760e-02,5.687829903197173798e-02,7.384826903178355606e-02,3.320553584864519708e-02,5.168306475310312231e-02,1.005022236062034363e-01,2.010496335071283724e-02,3.800048443656005998e-02,1.587688460104361432e-01,1.623827836959410298e-01,8.584650437955325397e-02,1.479301879559638822e-01,1.268208541933431299e-01,1.649941656795261558e-01,1.680486857336545292e-01,1.794679439789314268e-01,1.224844007538933854e-01,3.333156679611189999e-01,4.224549270327361827e-01,3.507463156527620973e-01,1.962303453574433254e-01,1.000000000000000000e+00,3.142163638016725602e-01,8.337840709715886589e-02,5.058907883630240666e-03,7.309097464688238920e-03,-1.331261027920797591e-01,4.764560820131765601e-02,1.707239328404517587e-01,-1.480853431405097266e-02,1.076004465600353260e-02,4.839364426379376416e-02,-1.162539383040237795e-01,-1.516868062182897270e-01,-1.229433038848690846e-01,2.901538178114847905e-02,-1.383999160282180507e-01,4.051302016786783450e-02,-2.080012300052183627e-02
4.697529050230923181e-02,5.247306342562934461e-02,3.757085546806353260e-02,5.632977772573413699e-02,7.241406504269144728e-02,6.383706564400981609e-02,5.847162229120676791e-02,4.898465233378699463e-02,6.877669896554639006e-02,8.595839221156595378e-02,7.896048412365862246e-02,5.640397333356327036e-02,1.033595942166829346e-01,1.337210495832168167e-01,7.595883658367490188e-02,1.162050057765657285e-01,1.081687406649524119e-01,3.950678593780148490e-02,2.813397136646743693e-02,6.294352219543734861e-02,6.800096345504116901e-02,1.333348750603653016e-02,7.231596844792355372e-02,5.411809577855943715e-02,-1.630041993963178212e-02,4.836823613569667807e-02,-1.199396461392550524e-02,-1.193431872773282991e-02,6.066231261375258643e-02,5.522376800470537358e-04,-1.409149039240601420e-01,-2.514283843459639081e-02,2.194631254553040377e-03,-9.338421657599815795e-02,-6.278502565384720679e-02,2.369410614888006750e-02,-7.931116056171620687e-02,-9.637520763207629848e-02,1.637610201438618324e-02,-5.352899229239845708e-02,-1.345113037913899801e-01,-3.331420211614546933e-02,-7.978646831327491917e-02,-1.188474368185652857e-01,-4.201490006438816927e-02,-9.017110356722245201e-02,-4.779275954703481044e-02,-4.420023091855503072e-02,-5.661949623301619494e-02,-5.185667667706807954e-02,-2.439903797521400866e-02,-3.495315434194674192e-02,-2.919355799781708522e-03,-6.375375963792018208e-02,-2.391348049783825411e-02,-1.305350289564703725e-02,-8.047240060700822095e-02,1.912026996639343973e-02,-9.906179316744987209e-03,-3.164079418875582334e-02,-6.634741606569261388e-03,-7.654590960299735743e-03,-2.206545387962571131e-02,2.724915580338965748e-02,-2.378341386841921132e-02,1.287803115383994931e-02,8.065685066789004404e-03,-2.745079349720367171e-02,1.489425725629144048e-02,-1.287743195477134353e-02,-4.514073826660971317e-02,-7.216239852308645175e-02,-5.226285842835743517e-02,-2.638685310203855647e-02,-2.123821941674596328e-02,1.297513943414115023e-02,-5.595345611561581591e-03,3.365050051708624868e-02,7.226070493243669235e-02,1.565582184990652881e-01,7.502067855953008235e-02,-1.906463399203748577e-01,3.142163638016725602e-01,1.000000000000000000e+00,1.317956481835826643e-01,-2.375920825700919281e-01,8.934957456873466458e-03,2.079854158941945100e-02,-2.315770804204804190e-01,-3.003169719333560143e-03,-4.806775182659707435e-02,-1.248399120205357093e-01,2.930106115139256145e-02,-1.367093541199182472e-01,1.583225579989258267e-02,-9.614004623206914846e-02,2.191730221551871707e-02,-1.024587261515866876e-01,-1.036423960905983738e-01,-1.075187966086438990e-01
-2.330199373693818410e-02,-5.143482244089906535e-02,-2.819138121973944339e-02,-3.731227426829795968e-02,-2.802064319025100378e-02,2.797707376516591488e-02,-4.725248238079220869e-03,-2.228789901726324282e-02,4.123039064865317155e-02,8.559417821900691670e-02,7.785898718927082574e-02,1.965433961740398194e-02,1.025549900470349995e-01,4.785679959660654736e-02,5.316915111703667679e-02,8.216990139415469852e-02,4.757852770638097521e-03,6.414600514822538235e-02,-1.470429091865410771e-02,5.797522924561365060e-02,1.373932288683251193e-02,-3.374813746368117429e-02,4.634808305324092208e-03,-3.921972806979893977e-02,-2.623009238962203254e-02,-2.420687858038157378e-02,-5.517179394024718242e-02,7.638629875910638587e-04,-5.560114803757121998e-02,-7.850994215341561278e-02,2.993268739339020185e-02,1.428778125505681673e-01,4.037515633359972309e-03,-2.254677910746997332e-02,8.983145124161026618e-02,1.111642716261139995e-02,-1.074439555343300809e-02,1.197197024843372204e-01,3.911432798627258872e-02,-1.049085722306907775e-01,6.150007045931549926e-02,-3.206860954275456838e-02,-1.022419955974801647e-01,-5.830901998320183128e-04,-6.014359392586197950e-02,-8.563308084011164723e-02,2.078090280500001299e-05,-6.926207728514777173e-02,-5.034669319779692953e-02,-2.099835681962355927e-02,-5.669849597382162210e-02,-4.587411038325845541e-02,-5.475442944169101912e-03,-3.796256288904848591e-02,-4.614255154165485678e-02,7.546797740301448669e-03,-5.320986933840764210e-02,-7.792795759280239654e-02,4.981938390228785041e-02,-1.159038840457718988e-01,-1.543857475001811086e-01,-1.576722460454070551e-01,-1.650247228478240735e-01,-1.352560636492678992e-01,-1.853954266884795254e-01,-1.737257658491909440e-01,-1.215819913894753551e-01,-1.831349624908320817e-01,-1.118491750462856094e-01,-9.996123738350869148e-02,-3.059975268866721443e-02,-3.313952275209851306e-02,-7.075347378006716093e-02,-1.930239805602581432e-02,-2.455411058509418196e-02,9.274538097634869513e-03,1.447287236708037772e-02,-4.806665329466398850e-02,1.678149856050149547e-01,1.289902961394646663e-01,1.685430638637674949e-01,1.816838825271844815e-01,8.337840709715886589e-02,1.317956481835826643e-01,1.000000000000000000e+00,3.418463658831420449e-01,3.017535791458392236e-01,2.844639843078238667e-02,3.121909649701062883e-01,2.483635932773794464e-01,7.531445247248969022e-02,2.072308782494396429e-01,1.706809868348778958e-01,8.640167059881995182e-02,-1.159853480575640527e-01,-9.941008122121670898e-02,-9.941372745001871014e-02,-4.486096328163469843e-02,-3.219774402032619248e-02,3.056954311200983654e-02
-3.985988458711455656e-02,-8.178526711886920098e-02,-1.057375132177493411e-02,-3.013128175221536573e-02,-1.011060884769189455e-01,-3.483608563885649823e-02,-4.917983063855654868e-02,-1.152088414201766498e-01,1.237720671156170016e-03,9.268153218966948548e-02,3.779206852872158545e-02,-1.844870787451028185e-02,1.127706504364248824e-01,7.922219998191265544e-02,1.192592084853785900e-01,9.795984177895454559e-02,7.829470493018821087e-02,1.519689440184513463e-01,8.429230845737072098e-02,1.302378105841457134e-01,5.582826005864281044e-02,5.002822177667808762e-02,3.676521149714240960e-02,7.858529790252234692e-02,1.867693041576323418e-02,4.586586034227677772e-02,1.375473961325643923e-01,2.022144027858054777e-02,8.685792383551556306e-02,1.373110373427583741e-01,2.825418212013378616e-01,3.284314535406323010e-01,1.885225242876725771e-01,1.676588759672834050e-01,3.383797938201050792e-01,1.239261721789712001e-01,2.003466947182968583e-01,3.070886005161623800e-01,1.334612077120697626e-01,3.781218644286066244e-02,2.565669106236185826e-01,9.900355738215893542e-02,-9.552384478984890515e-03,1.155663787873637827e-01,-9.154590323686517470e-03,2.786234408873720231e-02,2.524111821434679714e-02,-1.348863569249812364e-02,-2.011914869122971572e-02,-1.057329190894432634e-02,-5.213228279734229142e-02,-6.183689280886209283e-02,-6.489031208404227868e-02,-4.223397191662325162e-02,-1.001993601427403208e-01,-8.203251450109277920e-02,-9.615414676983215225e-02,-1.410640011329520604e-01,-4.591187747635180200e-02,-1.388083851307238825e-01,-1.920288394947250732e-01,-1.358068631180545105e-01,-1.398275222615179558e-01,-1.295422365123451991e-01,-9.675606739025312264e-02,-1.556404319056524099e-01,-1.366143733425028151e-01,-1.112359676053264745e-01,-1.196155488561281843e-01,-1.195173449624644391e-01,-5.257338939786296989e-02,-2.019951965674706904e-02,-1.180715065365106065e-01,-5.500730393191684275e-02,-5.480847030125132052e-02,-4.865156286651409201e-02,-7.310354658019740937e-02,-9.789304046198012144e-02,1.803170639181384677e-02,-2.202073256800100506e-02,4.618381105600358714e-03,5.145644879297225915e-02,5.058907883630240666e-03,-2.375920825700919281e-01,3.418463658831420449e-01,1.000000000000000000e+00,5.342727474188432302e-01,4.451834533469891109e-01,7.898467021919381992e-01,4.350863151153484543e-01,3.558126144526431167e-01,5.842417961034280793e-01,2.891980299564819723e-01,3.972208809609143465e-01,-7.774831855377348222e-02,2.913248040020552723e-02,-1.638133938007318713e-01,6.575819743881343438e-02,-1.706119449341727407e-02,2.547721279778716874e-01
-6.423208322342601959e-03,-4.426669808833929437e-02,-1.342085976970730857e-02,6.977052341103195249e-03,-7.391892338479866265e-02,-2.608751999068312580e-02,-8.600969180243564494e-02,-7.439882934955668881e-02,-2.229503023871619999e-02,1.295166985224676937e-01,5.626915052178899090e-02,-2.661229206560022237e-02,1.568335865606102220e-01,9.590231048736416741e-02,1.318744768301421122e-01,1.169754380157624063e-01,6.245402500794609846e-02,1.554958003418830115e-01,9.159132290871796478e-02,1.377072841003452452e-01,4.995225758839671321e-02,9.835766874201834487e-02,4.273066360065674169e-02,1.213687920295335315e-01,2.381299882358296066e-02,1.039966534813948212e-01,1.496313329741579268e-01,8.164875202861895942e-02,1.683931503468434621e-01,1.466339542049001077e-01,1.757564626040492850e-01,2.407091856656726758e-01,1.737078411578261150e-01,1.180335165284302212e-01,2.139499466019583740e-01,1.403407373022608762e-01,1.622843809269639836e-01,2.394152899017233105e-01,1.418348010704034157e-01,1.149623460417288079e-01,1.570552475894225197e-01,5.982810044873371202e-02,5.350821290055335355e-02,4.215277365675054733e-02,-7.469851050000126010e-03,3.829114851677821452e-02,7.805167691197646002e-03,-3.993043194868835938e-02,-6.983802452938936249e-03,-4.232960812868610811e-02,-6.006050283188892058e-02,-4.229296852212750812e-02,-6.736962587478262376e-02,-7.966167984470033658e-02,-9.492534264504384756e-02,-8.583994515302474648e-02,-1.328932640740651538e-01,-1.381174402643973176e-01,-4.251808359776260843e-02,-1.418585734283080713e-01,-1.694749236525334435e-01,-1.267457147231316195e-01,-1.566207356166091080e-01,-1.481376159752413602e-01,-1.289161891501179324e-01,-1.830194063799163440e-01,-1.707818458544608231e-01,-1.344499573802624970e-01,-1.331470350932161539e-01,-1.220298227050940210e-01,-9.398341984449731790e-02,-5.218460713903126658e-02,-1.160705124977353120e-01,-7.610197316647000776e-02,-6.259544926913010454e-02,-7.074719831592307662e-02,-5.692812532847708190e-02,-2.912882646530192549e-02,4.088810427038717249e-02,-1.171201816426457008e-02,-2.625148247329039605e-02,2.751726198570860621e-02,7.309097464688238920e-03,8.934957456873466458e-03,3.017535791458392236e-01,5.342727474188432302e-01,1.000000000000000000e+00,5.106206040858649597e-01,4.735838473319586295e-01,2.383647224029197820e-01,3.075604145789070931e-01,3.459176069866213288e-01,2.555500824990862285e-01,2.580323266124065484e-01,2.220808922252252154e-02,5.718095124399945502e-03,-9.110273520202409603e-02,-8.325384421592509077e-03,-7.383677915942607473e-02,1.082685153240957737e-01
-3.237331206579551184e-03,-3.322815221669058600e-02,6.773452688056431394e-03,3.426654299763633865e-02,-4.104417803092726136e-02,-5.697627993401709230e-03,-2.280220033809408561e-02,-5.751272420605182262e-02,2.762286571236141977e-02,1.029184284514318981e-01,4.957098289629488508e-02,2.021117762958911379e-02,9.611152615752557860e-02,1.362429202655871252e-01,1.281138977172060489e-01,1.216337170312346699e-01,1.335867940301622148e-01,1.341638369672973619e-01,1.303098644721567001e-01,1.447666645239540362e-01,1.120183932274017580e-01,9.019054838706999644e-02,8.056808201801611558e-02,1.546743002729649430e-01,3.123784574223627524e-03,1.123018404945802379e-01,1.829774433866163119e-01,-2.911865613965091901e-02,2.061981419921224412e-01,1.716317921690633519e-01,2.070294334633545619e-01,1.471661325227134054e-01,1.346736807074546682e-01,1.747122373151644703e-01,1.877986254926589937e-01,7.467683693668754341e-02,1.697894408569283475e-01,1.694155907675730932e-01,2.911992715560213565e-02,8.793245642918381955e-02,1.227292069933445112e-01,-9.145920641132766760e-03,2.915847425628463954e-02,3.541074360666444931e-02,-2.238132812984338499e-02,3.877337210974256265e-02,1.367319536513546784e-02,1.771850506721346988e-02,1.868630309040885534e-02,3.598438122748544646e-03,3.841152482967251369e-02,7.945120213887215191e-03,1.055771975887566730e-02,3.199001249994570806e-02,-3.503628819073940914e-02,-2.895515026136064735e-02,-3.043476001402143499e-02,-5.413464259191268918e-02,-2.919337669986595343e-02,-9.488216825813629296e-02,-8.132758220019235817e-02,-7.987000087310455743e-02,-6.098089898895602684e-02,-7.134983122951055190e-02,-3.702595989500751666e-02,-6.808370851704226290e-02,-5.718717424172209407e-02,-2.809998976829948189e-02,-6.067993706558263978e-02,-6.771596209307575998e-02,-6.395984107274967079e-02,-3.354909358739346925e-02,-9.846754458909266761e-02,-6.214409499691576910e-02,-5.497233755934633620e-02,-5.724782603471309517e-02,-8.149281503118890879e-02,-5.991064404604046906e-02,-9.757736052549459416e-02,-1.481248145855885989e-01,-1.051377885099984560e-01,-1.349141440333784525e-01,-1.331261027920797591e-01,2.079854158941945100e-02,2.844639843078238667e-02,4.451834533469891109e-01,5.106206040858649597e-01,1.000000000000000000e+00,2.570105030499988952e-01,1.767988175604671280e-02,1.037607886494623655e-01,1.984928973247315764e-01,4.925372870379741280e-02,2.181364565905733743e-01,4.628189312773133002e-02,1.325267320314667541e-01,-3.754267990005449862e-02,1.177913733681599656e-01,-3.234523132577675486e-02,1.383140416957643060e-01
-4.772692875181377276e-02,-8.781405435109304602e-02,-2.077139285506648600e-02,-3.698396281172646599e-02,-9.456101212100610776e-02,-4.246468260417036317e-02,-3.515287564739175835e-02,-9.500785779336269610e-02,-3.159798545846453661e-03,9.457295859835856966e-02,2.288163971589544585e-02,-1.818283567746878035e-02,1.100135073351694581e-01,6.040570050010909964e-02,1.030102521216414435e-01,8.764483266042037701e-02,4.960189794919986350e-02,1.466358765192181113e-01,7.130341632404676999e-02,1.218558967615450406e-01,3.767581325773063095e-02,5.628930495858428668e-02,2.482933451047427548e-02,4.662213888870213319e-02,4.714571973050951312e-03,1.055748634193279245e-02,1.066474132579301876e-01,5.758668274749601662e-02,6.151261554794928282e-02,1.423871536933377646e-01,2.670795519637281790e-01,3.704261079071308749e-01,2.294344594045489572e-01,1.436496727304335530e-01,3.528798243336901952e-01,1.734498770954187308e-01,1.927179076589693729e-01,3.249648616390433675e-01,1.918340992705609427e-01,1.490300926899729844e-02,2.643329243949158469e-01,1.315196823526725844e-01,-1.419119300534026594e-02,1.410287115624722920e-01,2.665702241764099714e-02,3.052103673139121981e-02,6.985192294500432164e-02,-5.343191917683786339e-03,-2.407114997397734671e-02,1.164413223413886082e-02,-7.157374282683313937e-02,-8.389495635503259330e-02,-6.849811662996181660e-02,-7.435039907887226740e-02,-1.269340948776736533e-01,-8.197335773435014683e-02,-1.262171887661627523e-01,-1.551492037761377230e-01,-3.005807480848935592e-02,-1.681524423546750524e-01,-1.978816179156628885e-01,-1.418867483571723542e-01,-1.505327707081396127e-01,-1.255748689726066125e-01,-1.186573289489934874e-01,-1.520611271275240095e-01,-1.529491111848451657e-01,-1.372251322575325505e-01,-9.670511584580747388e-02,-1.363024474127620678e-01,-4.848078021658036585e-02,-4.100393496663105875e-02,-1.161042814766451853e-01,-5.660345037921581113e-02,-6.874569867381388755e-02,-5.310501142407956371e-02,-5.385516464523407848e-02,-1.184650859828548231e-01,5.835677665949214749e-02,4.258392892905662336e-03,2.865019896113547154e-02,8.672864633353320751e-02,4.764560820131765601e-02,-2.315770804204804190e-01,3.121909649701062883e-01,7.898467021919381992e-01,4.735838473319586295e-01,2.570105030499988952e-01,1.000000000000000000e+00,6.089248862875161761e-01,5.522192200159294906e-01,6.912083599221333641e-01,4.425591054582665995e-01,4.011838130277223802e-01,-6.949836187288688238e-02,-1.597622609566865665e-02,-1.594589341668690430e-01,1.581722337527046232e-02,-5.649384322648606099e-02,2.265522289533903888e-01
-2.142187663834799194e-02,-5.329098355719898844e-02,-1.494394578908657227e-02,-7.910144390764903971e-03,-6.153273740446568024e-02,-3.083029797049611012e-02,-5.250982530948331700e-02,-4.587145013204330102e-02,-3.374954895539636346e-02,5.091460551898784742e-02,-1.584399405953503329e-02,-2.661214668648867812e-02,6.935415119751477120e-02,5.566883157955391376e-02,1.152660508520880200e-01,5.176245486800121198e-02,6.297411979981347441e-02,1.177526511170574192e-01,-8.564742035664057020e-05,5.649513246969181668e-02,-8.445435408356394974e-03,2.301752811924833927e-02,-4.042298945495757800e-02,-2.331019368143326734e-02,-9.171195146427305045e-02,-2.184714327517973953e-02,-5.010929877175181874e-02,-2.576800277683872001e-02,4.693224998414757126e-02,7.956678155045122589e-03,-1.831606007624393684e-02,3.558689515580035212e-01,1.701216561743508215e-01,-1.242280013407022765e-01,2.228666055410965796e-01,1.796374954721154660e-01,-2.563870147094227461e-02,2.183106848560255886e-01,1.472466570849510492e-01,-1.547140548492948464e-01,1.011879531823903361e-01,7.013648244991335656e-02,-1.849486786344984590e-01,6.902671102049274393e-03,-6.844310650855154644e-03,-1.067579478338642335e-01,4.315783858873319112e-02,-4.474275649754595047e-02,-6.240558713038434069e-02,-7.566520929428619327e-03,-9.872685122415658654e-02,-6.406444451286430475e-02,-6.964349245560497170e-02,-9.146725157817117702e-02,-7.625798239909455101e-02,-8.477195853758066890e-02,-1.058932614684893331e-01,-6.891894034554603421e-02,-4.610869462734883822e-02,-1.258144242771395416e-01,-2.176596261958038403e-01,-8.787070225065989060e-02,-1.662710526072542494e-01,-1.317168633029877911e-01,-1.227447003012403642e-01,-1.232999306184486554e-01,-6.258151685949341070e-02,-1.625158556991092296e-01,-8.941433730179855488e-02,-2.734008666053116751e-02,8.374535614876836565e-02,-8.891617266924356847e-03,-1.146838151852738394e-02,9.228113886034083890e-02,9.052755358566377808e-02,1.032467221362208531e-01,1.211325749016696485e-01,-5.124010760621601317e-03,2.362538739541695521e-01,1.311143396366890868e-01,1.776107309502539255e-01,8.828409788096218402e-02,1.707239328404517587e-01,-3.003169719333560143e-03,2.483635932773794464e-01,4.350863151153484543e-01,2.383647224029197820e-01,1.767988175604671280e-02,6.089248862875161761e-01,1.000000000000000000e+00,4.970708055197506914e-01,6.059623423692513944e-01,5.784189466626261655e-01,1.123225012027862513e-01,-1.394377503110089123e-01,-2.215932356831920580e-01,-1.413830272072343630e-01,-1.673391873556477338e-01,-1.224390052176550642e-01,2.773922461191509481e-02
-3.605823779681049945e-02,-7.507629456217726482e-02,-8.493776948410662261e-03,-1.256849291795218357e-02,-7.317744135941216255e-02,-6.741073710171109623e-02,-5.650632365155040110e-02,-8.364040000240295647e-02,-3.461707079710223817e-02,5.623835160801025218e-02,4.037937081782602688e-02,-3.629158363442187840e-02,8.003039947364336271e-02,1.398499700686627739e-02,9.722079749529019543e-02,5.231939530101807623e-02,6.039585817785610291e-05,1.501157174082935197e-01,2.511069208126393004e-02,5.878340911714909078e-02,-2.448206980250126549e-02,3.551829952440784671e-02,-1.068537688389184330e-02,6.922858153479370669e-02,6.625599724196684637e-02,1.191732118646079107e-02,2.122902517537515465e-01,1.168709358544735705e-01,7.934456637735519402e-02,3.389230760042082902e-01,7.826027013094191687e-02,1.921774585018967418e-01,3.963607798281720829e-01,1.227314973684561356e-01,1.708160014262186943e-01,3.889136735697575897e-01,2.278995604819235576e-01,1.162712841983192247e-01,3.139440341031069504e-01,8.906227585583720296e-02,1.036122308540337184e-01,2.081508693645040264e-01,1.879627630105235037e-02,5.225732629458183093e-02,9.629686071400336833e-02,3.000151850199897843e-02,3.132404421006512035e-02,-5.826001486425075489e-04,-4.906050158300930691e-02,-4.437340277661521587e-02,-7.464680000405414517e-02,-1.396611932632789155e-01,-1.566907105752503859e-01,-1.441653256759586887e-01,-2.177178098426281183e-01,-1.626005053836221403e-01,-2.134321136351755577e-01,-2.242998974814214008e-01,-1.163005775622964200e-01,-1.435803108114075688e-01,-1.518115251377631925e-01,-6.268356859257256941e-02,-1.137059379564755168e-01,-3.764198269365326421e-02,-6.412995193642023750e-02,-5.441799507614483722e-02,-5.123892393636375608e-02,-9.534441836681235849e-02,-6.973504867897844899e-03,-9.902736727482681911e-02,-3.061778793168151366e-02,-1.022764743448865143e-01,-9.145872096998965139e-02,-1.853053807761292915e-02,-5.174687095066780873e-02,-1.463162553043599774e-02,-1.097765528443570525e-02,9.129087278251638016e-03,1.277730165556895114e-01,4.754872932617515424e-02,9.414940623593917590e-02,3.200994039448543105e-02,-1.480853431405097266e-02,-4.806775182659707435e-02,7.531445247248969022e-02,3.558126144526431167e-01,3.075604145789070931e-01,1.037607886494623655e-01,5.522192200159294906e-01,4.970708055197506914e-01,1.000000000000000000e+00,4.559131576440063616e-01,5.778057971736623166e-01,2.536932916041839126e-01,2.339145685817313747e-01,3.205130968856220730e-02,7.859638741080306190e-02,-4.018241779383930484e-02,-3.188975611130220877e-01,-2.893867859250343413e-02
-4.838371180173652031e-02,-7.736252138711700865e-02,-2.874333009554718571e-02,-3.529066959510390039e-02,-9.349163440808652692e-02,-5.652795633379074924e-02,-5.798356248317542566e-02,-8.939894838639042551e-02,-1.987513223874657828e-02,8.721757353832433612e-02,3.390238816388178172e-02,-2.324913396950146691e-02,1.171459304612787050e-01,7.621658541012645005e-02,1.383443302214686366e-01,1.051378554346881905e-01,6.626615915276801161e-02,1.686704479849461813e-01,6.171455553881694672e-02,1.094660815819529093e-01,3.570107658941176071e-02,4.542096662673177770e-02,1.217649420655390370e-02,9.564668997315928234e-02,5.714786470291220721e-02,4.418871419001332151e-02,1.824171605978996413e-01,1.130512861626424420e-01,1.202690214304251853e-01,2.328609029928596641e-01,3.053384034624678778e-01,4.113455995866787118e-01,3.219303891777530735e-01,2.206910703754281777e-01,4.170280809883499251e-01,2.625218406272781246e-01,2.886173290631383059e-01,3.608664757323419292e-01,2.508531595666429470e-01,1.115119709937882758e-01,3.081182356249770882e-01,1.943242830639531904e-01,6.170071778855980987e-02,1.753294417132058303e-01,9.108259332804660713e-02,8.498690694058946837e-02,9.454018254623221262e-02,3.080436868758845356e-02,3.141050760232509675e-02,2.791512366592447530e-02,-4.630875824879818886e-02,-4.779338927388383784e-02,-6.137469197070417881e-02,-6.463894277234273622e-02,-8.884555695436509304e-02,-8.790313759813331296e-02,-1.031474240366409001e-01,-1.151983349362488557e-01,-3.415346148207391852e-02,-1.192654712023245994e-01,-1.739394779010329239e-01,-1.124934003808735344e-01,-1.357322427830637557e-01,-1.086240989253538375e-01,-1.273187175954225703e-01,-1.409965843310116707e-01,-1.368552244433927922e-01,-1.430019829654225749e-01,-5.955854102811929118e-02,-1.522772238876921314e-01,-9.824012070008004971e-02,-1.179815683368141133e-01,-1.310217941250862161e-01,-9.910016515698136241e-02,-7.882771078284205035e-02,-4.811216160752983251e-02,-5.994581590945557981e-02,-8.952531244145328637e-02,1.893930674177359344e-02,-1.746436005809803502e-02,9.386502152127463097e-03,-8.409486013789357547e-03,1.076004465600353260e-02,-1.248399120205357093e-01,2.072308782494396429e-01,5.842417961034280793e-01,3.459176069866213288e-01,1.984928973247315764e-01,6.912083599221333641e-01,6.059623423692513944e-01,4.559131576440063616e-01,1.000000000000000000e+00,5.015626500027288159e-01,5.720350702897314399e-01,-5.082269579977965329e-02,-7.830418385403728476e-02,-2.144354268482265014e-01,-5.075630176562936392e-03,-9.829697330210424022e-02,2.100168356353278865e-01
-3.791479108569570378e-02,-8.548592501586389780e-02,-4.335622075858555635e-02,-2.938018253322925363e-02,-9.580891471719121810e-02,-8.473361362412608344e-02,-6.923096926723650013e-02,-8.514021986223797855e-02,-7.157016271317569178e-02,1.346817438736854465e-02,-2.254436420761892629e-02,-1.050651379682266962e-01,4.192059058193224608e-02,-6.965161238988932038e-03,4.221425387296516563e-02,4.344011534706987074e-03,-5.646469012240617688e-03,6.278538535946891208e-02,-1.597801638518142262e-02,2.435826190689295220e-02,-5.340083593560313729e-02,1.497579151963073819e-02,-4.994044686481503847e-02,2.825907224742353618e-02,-2.818863254209771907e-02,1.171880193781644304e-03,3.652131835136553789e-02,5.367988306322879141e-03,7.303640495501946550e-02,1.372139038215905993e-01,-4.930299824268696840e-02,2.727899631572697214e-01,2.809391904748882451e-01,-8.318001280348080728e-02,1.696958827807029391e-01,3.163731220446638903e-01,4.085189518866032266e-02,1.890357640099088188e-01,2.649211368626759322e-01,-4.428331067832207840e-02,1.148072623501410205e-01,2.011529720298754764e-01,-6.883986086472805577e-02,4.635284622741139837e-02,9.302074294818585276e-02,-1.669894173846222726e-02,9.644000630261452545e-02,4.655363582047956743e-03,1.129244113679364440e-02,2.296837556185099549e-02,-8.045365697186893095e-02,-2.290358913820632683e-02,-7.005107059261812819e-02,-1.064055111681757732e-01,-6.943554328215628679e-02,-8.898446693481143477e-02,-1.395990434616578846e-01,-9.060221014480844548e-02,-7.017051865300251434e-02,-1.586416871730027267e-01,-1.492420722644444697e-01,-9.878699639624338724e-02,-1.283397348650872627e-01,-9.212532166245740450e-02,-8.519512992755212677e-02,-7.019964672452973231e-02,-3.088373012488680389e-02,-1.019628211444700838e-01,-2.161898525027269174e-02,-2.557885810044494695e-02,8.902069330493370125e-02,-4.339452782565965394e-02,8.994927879713515359e-03,6.823011472254399135e-02,8.827012371879443264e-02,7.780126628443272130e-02,1.047620193208574357e-01,5.344515974768019456e-02,1.928948768982509110e-01,8.781733291623919357e-02,1.231015148742135024e-01,2.173919336615395478e-02,4.839364426379376416e-02,2.930106115139256145e-02,1.706809868348778958e-01,2.891980299564819723e-01,2.555500824990862285e-01,4.925372870379741280e-02,4.425591054582665995e-01,5.784189466626261655e-01,5.778057971736623166e-01,5.015626500027288159e-01,1.000000000000000000e+00,1.546665957862853602e-01,8.804520636196366823e-02,-2.053772740336828329e-01,-2.059779395415748879e-02,-2.540300058709064057e-01,-2.964387263315459431e-01,-1.106746013111354204e-01
-2.257968110414100907e-02,-2.788906592204021609e-02,5.006263887063255912e-04,-7.125806660342513463e-03,-4.114125500417452341e-02,-2.423405782704135189e-02,-3.860611302593124072e-02,-2.971484323721158144e-02,-1.865478266292864120e-03,5.941268047681731723e-02,4.979553705594071122e-02,7.830364171444698096e-03,7.587097339869326718e-02,6.216841984960688738e-02,8.696013535963251218e-02,7.284544344833314422e-02,5.264240286905328553e-02,1.160510606090156271e-01,2.748355249777034368e-02,3.346971201821035552e-02,1.352319719918062060e-03,-1.449586768828326974e-02,1.701509537749160139e-02,8.609719028952335373e-02,1.099577900827495014e-01,4.344336682471220540e-02,2.534034107945568048e-01,1.372234654379086705e-01,1.176172184031806789e-01,2.956066463649852927e-01,3.675501886109562300e-01,2.525112271615724824e-01,3.126689432779868882e-01,3.493483031942065664e-01,3.569895663761850080e-01,2.755351803092203622e-01,3.552292276154638273e-01,2.927967662063292176e-01,2.320947245832941375e-01,2.425032505022979290e-01,3.041667411910332075e-01,1.974195009361970898e-01,1.652020099196032099e-01,2.079474305419098945e-01,1.165161482970630269e-01,1.522872101789858879e-01,7.759081435200461396e-02,6.929397708859849625e-02,3.147352452800442763e-02,7.718123534533489864e-03,-1.310652042974952414e-02,-8.715455886329838420e-02,-6.620932432114216837e-02,-6.767986889889822388e-02,-1.191574864371759968e-01,-9.442720834982755440e-02,-9.369665134670444873e-02,-1.500241740639592924e-01,-3.842612623877598999e-02,-1.023968432808714940e-01,-9.974133612222745027e-02,-1.029954640214609390e-01,-9.363507928213932185e-02,-2.179230066154463907e-02,-8.292211619950812240e-02,-9.389604152111957758e-02,-1.206277163335315594e-01,-7.016538952910374161e-02,-2.822641800346726432e-02,-1.865008342800856811e-01,-1.426457118062113560e-01,-1.316925711708969993e-01,-1.766314696455391353e-01,-1.363340126305696565e-01,-1.792249516039135793e-01,-1.317937957085847378e-01,-1.348838905491177853e-01,-1.435043147592223456e-01,-7.945134504878090254e-02,-1.276582547978022120e-01,-4.149297857148145224e-02,-5.427141547924277387e-02,-1.162539383040237795e-01,-1.367093541199182472e-01,8.640167059881995182e-02,3.972208809609143465e-01,2.580323266124065484e-01,2.181364565905733743e-01,4.011838130277223802e-01,1.123225012027862513e-01,2.536932916041839126e-01,5.720350702897314399e-01,1.546665957862853602e-01,1.000000000000000000e+00,3.367855095007312727e-01,-6.151782829025392169e-02,-3.236533388838365166e-01,-6.060211338334726971e-02,-2.167177245204771341e-01,5.181072819929119500e-02
-1.390169112542952515e-02,-2.273965294110135565e-02,-5.776354288380358692e-03,1.553516563363640385e-02,-3.768758945777883618e-02,-5.554548419507070178e-02,-7.629370594650478066e-02,-2.157673775428049431e-02,-5.555911870481381604e-02,-2.996818003924099638e-02,3.863503869596644769e-02,-3.288199132362541743e-02,-3.927452914212354804e-03,-5.541588742921465388e-02,-9.160120316879549404e-03,-2.797931286572262824e-02,-5.450529061539964581e-02,3.394491815480898955e-02,-5.163914584548266046e-02,-4.493730250227503248e-02,-6.163873367583695695e-02,-3.994846900463962236e-02,-1.993777284563770166e-02,5.902214043907522134e-02,1.136948275753103810e-01,2.903861550304009942e-02,2.250653375301234493e-01,1.088906496048048372e-01,8.055446468780938507e-02,3.292937037035076897e-01,9.809420133303260736e-02,6.327294649688661177e-02,3.607240787853833730e-01,1.777521537328206891e-01,8.415500691023208857e-02,3.945703474907051311e-01,2.225016363287266596e-01,6.931154619342309864e-02,2.870232874649214505e-01,1.838971831225735543e-01,7.185821129373365368e-02,2.198511545634294906e-01,1.248711060036136328e-01,4.871737133304720330e-02,1.666432150648882171e-01,9.975805690897662781e-02,2.875674007631832604e-02,7.365307868784644330e-02,1.114695067535582604e-02,-2.866682247976691522e-02,-3.768456812975340148e-03,-9.210402860198380059e-02,-1.146679450309986831e-01,-8.990998719181872434e-02,-1.497887529912116100e-01,-1.465174737141816674e-01,-1.291751591668955645e-01,-1.710022027823270840e-01,-1.045314305613143507e-01,-8.430813471753594024e-02,-1.902573363511214991e-02,-6.118896286130237616e-02,-2.316337131736712768e-02,1.047213094252831371e-02,7.897959829165294553e-04,1.803692214903391752e-02,-2.541970396773314891e-02,-2.612234986994313446e-02,4.922913570866249700e-02,-1.692552170929674804e-01,-1.540309233916909992e-01,-2.212957696774341398e-01,-1.656822469509001694e-01,-1.308432500224908923e-01,-2.159011010351441773e-01,-1.346213330365319816e-01,-1.726727625885095541e-01,-7.966820538684368791e-02,-9.604509791316827305e-02,-1.343377472529460048e-01,-5.397359955900635914e-02,-8.482837089324841984e-02,-1.516868062182897270e-01,1.583225579989258267e-02,-1.159853480575640527e-01,-7.774831855377348222e-02,2.220808922252252154e-02,4.628189312773133002e-02,-6.949836187288688238e-02,-1.394377503110089123e-01,2.339145685817313747e-01,-5.082269579977965329e-02,8.804520636196366823e-02,3.367855095007312727e-01,1.000000000000000000e+00,6.067377290484192442e-02,-3.153902503531480495e-01,-5.942127070111483805e-02,-2.979468573827546152e-01,-3.040255587067819398e-01
-3.113135381823374081e-03,-3.512116400133201422e-02,3.812626256629485233e-02,3.365364104622215607e-02,-2.519177177765127493e-02,-5.266851204956697619e-02,1.145460808983614354e-02,-5.461079637441648010e-02,-6.540497358443963898e-03,-3.183834204089235499e-03,6.809013152918422240e-02,1.164393663931176034e-02,2.477218947465342075e-02,1.017953954708657530e-02,3.740859371489838742e-02,-1.924379894715615505e-02,3.382270437760464404e-02,2.258160676388746776e-02,2.182906752430301828e-02,2.255222601363826573e-02,4.087370311116189647e-02,-2.309104026797955192e-02,7.012903614750386205e-02,5.721313614888937082e-02,1.305147980735105462e-01,3.587082226084441217e-02,1.745124193731273365e-01,6.106144111870008551e-02,-2.391580082838737960e-03,1.215461152497688962e-01,2.576926205329222452e-01,-9.878202689565972194e-02,6.685572261453507151e-03,3.202702333335962770e-01,6.922039429279526479e-02,-2.744678963558110779e-02,2.363411585952185368e-01,-1.866250676117125334e-02,-6.585172134637704011e-02,1.663853388310435888e-01,5.567886847445651516e-02,-6.616491973236622581e-02,1.221245192896161652e-01,5.132728712892660472e-02,-2.944997146470060279e-02,6.178975394389571441e-02,-3.209814989622732789e-02,2.315469612258076737e-02,-1.260504872765928937e-02,-5.259365216883849642e-03,5.235065072906682632e-02,-5.140444695598433283e-02,3.569854718608611588e-02,1.375153467545352573e-02,-5.272639306610332754e-02,4.260838211213683474e-02,-2.613467686651719819e-03,-5.552657903784589954e-02,4.970112941851197175e-02,2.409963066851742927e-02,3.238057554992207487e-02,-2.507726393214594618e-02,2.289653595098799926e-02,-3.712319139928577094e-02,-9.422056693607449088e-03,-6.193458754779639086e-02,-6.128553404091760526e-02,-2.791076048239212891e-05,-2.896959475983702445e-02,-8.642120976865057258e-02,-1.862251200392600337e-01,-3.397056890699308440e-02,-1.007070266776963069e-01,-1.469716555734469909e-01,-1.833014683837980163e-01,-1.517671280848706117e-01,-1.788445582637323006e-01,-1.297388506617797588e-01,-2.024506555614556669e-01,-1.419252622371090788e-01,-1.723696900843529889e-01,-1.478773461794316291e-01,-1.229433038848690846e-01,-9.614004623206914846e-02,-9.941008122121670898e-02,2.913248040020552723e-02,5.718095124399945502e-03,1.325267320314667541e-01,-1.597622609566865665e-02,-2.215932356831920580e-01,3.205130968856220730e-02,-7.830418385403728476e-02,-2.053772740336828329e-01,-6.151782829025392169e-02,6.067377290484192442e-02,1.000000000000000000e+00,4.354098750800905471e-01,7.454892395850731823e-01,4.171052638556900782e-01,3.955826375801079209e-01
-1.217861399567517211e-02,-4.161945026254576518e-02,6.128005426037516634e-03,4.786402914754196367e-03,-6.983791295510027516e-03,-2.560459947964649485e-02,2.341130442406164774e-02,-3.616970876476133245e-02,6.312281764937408002e-03,-2.511279423745650663e-02,2.763325537117195321e-02,5.358830293957313542e-03,-1.544666567349392214e-02,1.736138887741302261e-02,-1.730970336212485361e-02,-1.222612303010604633e-02,3.255377416540394114e-02,-5.362842216806924800e-02,3.800890511768358765e-02,3.469921005805046924e-03,2.667360817416869478e-02,1.609038437534739477e-02,1.118748848946292049e-02,1.682765473771861281e-02,-5.087238564208230486e-03,-2.727106278330851744e-02,-1.092665043544710848e-03,-6.127918504938309474e-02,-4.875558586767975155e-02,-3.417877264352788685e-02,-1.298432612715765544e-01,-3.262919617372812553e-01,-1.438277643266439587e-01,1.204430162193465340e-02,-2.779529997814607079e-01,-9.870648988690811088e-02,-4.171783716603866266e-02,-3.203323850342288392e-01,-1.733558104478168660e-01,-1.649798488219907100e-02,-1.942121378937042286e-01,-1.356227331362735711e-01,3.088071303120129563e-02,-7.121927688396018086e-02,-3.874848633407007581e-02,8.139515474648284163e-03,-2.408010486156466831e-02,1.042340270636542146e-03,3.116761574847671384e-02,3.573365165146972361e-02,9.831273370291856994e-02,7.545696117670547265e-02,1.024264878647453691e-01,9.375567448655132419e-02,1.012226016320033339e-01,1.198325864731365348e-01,1.140999873243231932e-01,1.158974572885552307e-01,3.747486852110103878e-02,1.441034972588082774e-01,1.587265344133921563e-01,1.367736972474817292e-01,1.391537894798619834e-01,1.392225467036266873e-01,1.208764066801038262e-01,1.393171319592137747e-01,1.479371602926921603e-01,1.520060781999772459e-01,1.243510630206959844e-01,2.003409009992991596e-01,1.113241614405127006e-01,1.477259955105701406e-01,1.764933966905903873e-01,1.158158314063432726e-01,1.247866689994397704e-01,8.348094061862626480e-02,9.723884096079449257e-02,1.206658235497745923e-01,2.834799477872995341e-02,6.521673207685123319e-02,2.747659310471879321e-02,1.519289296274946299e-02,2.901538178114847905e-02,2.191730221551871707e-02,-9.941372745001871014e-02,-1.638133938007318713e-01,-9.110273520202409603e-02,-3.754267990005449862e-02,-1.594589341668690430e-01,-1.413830272072343630e-01,7.859638741080306190e-02,-2.144354268482265014e-01,-2.059779395415748879e-02,-3.236533388838365166e-01,-3.153902503531480495e-01,4.354098750800905471e-01,1.000000000000000000e+00,2.987614884622843969e-01,2.061917004940981568e-01,1.255285797291194883e-01
-2.196526315858255557e-02,-4.344404873494438213e-02,1.431145088666098061e-02,4.721416201904340450e-03,-3.853814585965827794e-02,-5.631273969647457300e-02,2.653404299961619958e-02,-8.061760889105563932e-02,-4.894591595996086036e-03,-1.527035706862974428e-02,7.429379337095061431e-02,2.833694564253999744e-03,2.655016571124513974e-02,4.225779772134060502e-03,5.344212197587432794e-02,-2.426800645881234397e-02,2.427613566480162424e-02,2.552799645458218858e-02,1.152063694281300898e-02,2.963183701754302721e-02,4.998992709212718433e-02,-3.064151479821023913e-02,6.652278407838772833e-02,3.644070516647402586e-02,1.142173463776430115e-01,1.812959179616919006e-02,1.312548538305365053e-01,4.777291030807161165e-02,-3.778687578819365372e-02,6.700727519246617303e-02,2.572691876677560829e-01,-8.255299245933803154e-02,-4.683613698128029357e-02,2.891820401353426551e-01,7.784624139026244394e-02,-1.073569325997933699e-01,2.231873349647314486e-01,-3.695977823304242302e-04,-9.535269324512887779e-02,1.377096628600412431e-01,7.759325067119123009e-02,-8.723577864645370994e-02,1.043370133650758924e-01,6.452044614318810933e-02,-5.275683235360479478e-02,5.763501938988759010e-02,-3.982345307166427345e-02,1.566540940326819134e-02,-6.037466796566519356e-03,-1.746255653911971822e-02,4.666320336399668034e-02,-3.462006791685807994e-02,2.231629035802202426e-02,4.314242870318789336e-02,-3.649675470592739918e-02,2.422007289508639263e-02,1.723181921175859568e-02,-3.878489896786849189e-02,3.824670028948675554e-02,3.495397196878233942e-02,1.072643040635268795e-02,-2.418736773691953015e-02,-7.384714325785843303e-03,-6.342538677297346328e-02,-5.278313940484801597e-02,-1.098435801693105618e-01,-1.163463305421843091e-01,-4.933897479314610507e-02,-8.029446562111483554e-02,-1.251629829314113429e-01,-2.007529976024515772e-01,-6.707848493319112926e-02,-1.402867780839278933e-01,-1.623182168925034474e-01,-1.980023392322989018e-01,-1.564947717781439152e-01,-1.844061875438705589e-01,-1.463796498859461226e-01,-2.242497844399691243e-01,-1.420524515398345344e-01,-1.958006197144896432e-01,-1.340785849136430508e-01,-1.383999160282180507e-01,-1.024587261515866876e-01,-4.486096328163469843e-02,6.575819743881343438e-02,-8.325384421592509077e-03,1.177913733681599656e-01,1.581722337527046232e-02,-1.673391873556477338e-01,-4.018241779383930484e-02,-5.075630176562936392e-03,-2.540300058709064057e-01,-6.060211338334726971e-02,-5.942127070111483805e-02,7.454892395850731823e-01,2.987614884622843969e-01,1.000000000000000000e+00,4.757254003787657615e-01,5.155283369087650946e-01
1.591835207344519457e-02,1.130437844191990206e-02,4.916651362830583294e-02,3.378034891501792425e-02,2.504130121389548658e-02,7.579582976131752324e-03,4.985358843085189312e-02,1.464137517775199702e-02,-9.955267543902088581e-03,-1.697877638148605206e-02,1.304291292679095153e-02,5.136890079857935228e-03,4.103344101454469914e-03,9.665135123711768306e-03,1.694646096046377101e-02,-2.923599074968618108e-02,1.020225868823415811e-03,-9.768610854809713084e-03,-7.709451224451823424e-03,3.638789678662081306e-02,2.950837597241453419e-02,-2.019303859231316375e-02,6.450642414144919234e-02,1.194016532555564232e-02,-1.197247351685467621e-02,3.464663695450344999e-02,-7.280272526429509838e-02,-2.847493751187120392e-02,-6.440769164689887430e-03,-2.031072784026354827e-01,9.620853287334076021e-02,-6.684066432062067686e-02,-2.632011450518992879e-01,4.076512002646588001e-02,1.079676083946114933e-03,-3.274734837192573855e-01,-7.675069316543589593e-02,-2.056940417177627615e-04,-2.886068559960230928e-01,-8.934977062409268922e-02,2.312128377995355255e-02,-2.324458382681669766e-01,-3.973362569727012517e-02,4.737304636503793243e-02,-1.319493738590258591e-01,-2.242851961700018798e-02,1.722112006904252812e-02,-7.432140847675190731e-03,2.346289326682394344e-02,8.705584041422706476e-02,5.637463343496291329e-02,1.082834936942667359e-01,1.685856686899156742e-01,1.202083324547109505e-01,1.630412402202741640e-01,1.783296235974843602e-01,1.372460959712413220e-01,1.539694315574692274e-01,1.131764930326537577e-01,7.682471481071050101e-02,1.746491847629056543e-02,1.464352313124219623e-02,2.051620811335938890e-02,-3.063801583337788167e-02,3.027955847667948910e-02,-2.255844903644104935e-02,3.673691934928290798e-02,1.849034939156847523e-02,-3.836379950237673447e-02,7.102225755433261289e-02,-3.339529122470708683e-02,1.112569441117290669e-01,5.108950681703453012e-02,-5.342694726906280223e-02,-4.052479884752908414e-03,-4.875661389271205431e-02,-3.682583323260327918e-02,-7.100122935470948304e-02,-1.066338200524427487e-01,-4.154859178748875059e-02,-1.058493509719057313e-01,-7.697290739085813072e-02,4.051302016786783450e-02,-1.036423960905983738e-01,-3.219774402032619248e-02,-1.706119449341727407e-02,-7.383677915942607473e-02,-3.234523132577675486e-02,-5.649384322648606099e-02,-1.224390052176550642e-01,-3.188975611130220877e-01,-9.829697330210424022e-02,-2.964387263315459431e-01,-2.167177245204771341e-01,-2.979468573827546152e-01,4.171052638556900782e-01,2.061917004940981568e-01,4.757254003787657615e-01,1.000000000000000000e+00,4.940509170840582387e-01
-1.392509476875316253e-02,-2.193484753164152284e-02,2.249304393463675417e-02,-1.858695327451490020e-02,-1.728765020854765647e-02,-2.289928473584783991e-02,3.315832780760991083e-02,-3.606085926308737893e-02,1.109620975715544348e-02,2.123071649776855918e-02,8.840623889419595843e-03,1.879655229650171967e-03,2.345109658612451811e-02,3.011816608703791684e-02,4.215824591504693797e-02,7.952615116569080461e-04,4.330329131004816839e-02,4.821063621297547869e-02,8.043595355777609368e-03,5.236233937653966830e-02,2.737946694294611516e-02,-2.561751448815633922e-02,5.579563780494432856e-02,3.223004802786175182e-02,2.317943245325023577e-02,4.628528428828956875e-02,3.727351167224216694e-02,3.738498217946233798e-02,2.170282465351142456e-02,-1.576331822972526844e-02,2.785925116683788394e-01,1.099263701972166968e-01,-5.412866471376121674e-02,2.207130057219743868e-01,2.411954593734671193e-01,-1.338195012172318787e-01,1.871806335271693211e-01,2.096678897187016499e-01,-4.464280537725393017e-02,1.135667511329592066e-01,2.155139264191223980e-01,8.363330658444061844e-04,1.014968494238977781e-01,1.742639860839096666e-01,1.033891977897292329e-03,9.994677601044810178e-02,5.810430401657501465e-02,3.253541186591429879e-02,3.710776668899992692e-02,5.511556215798170399e-02,9.784455147521972998e-03,2.654838485688060246e-02,6.651515851764516762e-02,3.111768276895187160e-02,3.996060861210596477e-02,5.791085892274795699e-02,7.243014219814231797e-03,2.176920109113053906e-02,4.111001973870906379e-02,-1.539149629387945133e-02,-5.788340842474992004e-02,-4.686081595595076310e-02,-4.760386788794183227e-02,-9.729695356167146481e-02,-3.660693701555846336e-02,-1.175374032101458716e-01,-1.337847239308954939e-01,-6.310228120239810834e-02,-1.055549221633416968e-01,-1.029595521172063516e-01,-1.565067810668162307e-01,7.546865040387698217e-03,-1.069686642019162248e-01,-1.435358278094073514e-01,-9.538872323593859670e-02,-1.511154940438617644e-01,-1.139523058710830566e-01,-1.421543193264328264e-01,-1.349155817073547925e-01,-8.312012652985754924e-02,-1.312006721318217939e-01,-9.505228216402407393e-02,-2.080012300052183627e-02,-1.075187966086438990e-01,3.056954311200983654e-02,2.547721279778716874e-01,1.082685153240957737e-01,1.383140416957643060e-01,2.265522289533903888e-01,2.773922461191509481e-02,-2.893867859250343413e-02,2.100168356353278865e-01,-1.106746013111354204e-01,5.181072819929119500e-02,-3.040255587067819398e-01,3.955826375801079209e-01,1.255285797291194883e-01,5.155283369087650946e-01,4.940509170840582387e-01,1.000000000000000000e+00
